SampleID	input_read_count	avg_read_len	unique_mapping_read_count	reads_mapped_to_multiple_loci	reads_mapped_to_too_many_loci	prop_ribosomal	prop_usable_bases	prop_correct_strand_reads
DO372_M_21_Adipose_GT19_34160	42966477	202	38665960	2005705	184506	0.024806	0.854475	0.994797
DO264_F_19_Adipose_GT19_33830	60226596	202	53239504	3673710	202495	0.011394	0.877146	0.994746
DO156_F_18_Adipose_GT19_33975	46331648	202	41349492	2467668	214813	0.028109	0.835428	0.994135
DO526_M_23_Adipose_GT19_34015	54326512	202	48457736	2694720	204968	0.025524	0.841633	0.994294
DO200_M_18_Adipose_GT19_33949	47358902	202	42264391	2804349	246464	0.027037	0.843961	0.993866
DO369_F_21_Adipose_GT19_34103	59252738	202	51713439	3882232	253591	0.019782	0.86389	0.994336
DO391_M_21_Adipose_GT19_34038	56901152	202	50861348	3207708	254711	0.007625	0.881452	0.994384
DO251_F_19_Adipose_GT19_34004	51089401	202	44622223	4005644	166370	0.00541	0.898549	0.993556
DO303_M_19_Adipose_GT19_33891	49318062	202	44277046	2473771	225749	0.021807	0.856955	0.994942
DO152_F_18_Adipose_GT19_34154	62775787	202	56587128	3125738	213440	0.015896	0.874154	0.994807
DO108_M_17_Adipose_GT19_33877	53434479	202	47856896	2877296	161905	0.017224	0.88655	0.995119
DO027_F_17_Adipose_GT19_34223	58399177	202	49700304	4502646	233147	0.038869	0.817456	0.992925
DO420_M_21_Adipose_GT19_33797	45471866	202	40709189	2502354	193272	0.038122	0.849266	0.995077
DO326_F_21_Adipose_GT19_33845	52261010	202	45175887	4300538	183821	0.011846	0.878968	0.994167
DO161_F_18_Adipose_GT19_34045	42546678	202	35837960	4098585	197114	0.01466	0.87661	0.992745
DO197_M_18_Adipose_GT19_33979	45081967	202	40345783	2378359	212258	0.041602	0.831536	0.994211
DO343_F_21_Adipose_GT19_34037	61625942	202	55020493	2984030	198480	0.028266	0.85428	0.995011
DO115_M_17_Adipose_GT19_33829	84569148	202	74631326	4748918	334522	0.018931	0.857975	0.994758
DO481_F_23_Adipose_GT19_33890	48615942	202	42215298	3671224	166657	0.029242	0.838366	0.994109
DO122_F_18_Adipose_GT19_33813	50845574	202	45340141	2917828	242429	0.025743	0.843152	0.994721
DO035_F_17_Adipose_GT19_34163	55448510	202	49000875	3659522	258225	0.013951	0.857645	0.993597
DO348_F_21_Adipose_GT19_34117	43132598	202	36940305	3156765	192886	0.03399	0.828343	0.993715
DO392_M_21_Adipose_GT19_33994	45115354	202	39587191	2606587	217508	0.007351	0.884759	0.994327
DO340_F_21_Adipose_GT19_33826	43276705	202	38892823	2415601	168070	0.011505	0.876335	0.994643
DO328_F_21_Adipose_GT19_34073	44739575	202	38250909	2966489	204787	0.024911	0.850109	0.993955
DO260_F_19_Adipose_GT19_33873	49466184	202	42604616	4091573	195490	0.016961	0.872889	0.99339
DO346_F_21_Adipose_GT19_33942	52410669	202	46428921	3417115	209926	0.00983	0.882132	0.994898
DO143_F_18_Adipose_GT19_33889	68574031	202	59913763	5205345	230479	0.033133	0.840245	0.99329
DO137_F_18_Adipose_GT19_33941	49047523	202	43376067	3089341	225709	0.011798	0.874029	0.994191
DO545_M_23_Adipose_GT19_33853	50801472	202	44829921	2711729	219750	0.030461	0.840812	0.994601
DO116_M_17_Adipose_GT19_33862	49318059	202	42391682	3671659	304654	0.010204	0.876838	0.993821
DO191_F_18_Adipose_GT19_33925	47690858	202	40776166	3971765	159935	0.017425	0.874027	0.993472
DO052_F_17_Adipose_GT19_34233	51114606	202	44623689	3968423	160152	0.022541	0.862754	0.993998
DO302_M_19_Adipose_GT19_33794	44124251	202	39055858	2797742	192300	0.005013	0.880664	0.993786
DO542_M_23_Adipose_GT19_34206	50847224	202	45014859	2679299	209785	0.046432	0.810654	0.995079
DO215_M_18_Adipose_GT19_34040	51228230	202	45240263	2717535	395645	0.013655	0.867423	0.994227
DO373_M_21_Adipose_GT19_34105	42620617	202	37767105	2165468	169374	0.032363	0.850219	0.994934
DO224_F_19_Adipose_GT19_34182	50583579	202	43990732	3362776	213727	0.023889	0.830822	0.992978
DO142_F_18_Adipose_GT19_33861	28137469	202	25111864	1491702	112633	0.025745	0.867524	0.995326
DO032_F_17_Adipose_GT19_34262	55035737	202	49053788	2716357	254970	0.014054	0.843193	0.994304
DO146_F_18_Adipose_GT19_33940	48179578	202	42849273	2555694	236686	0.006531	0.890126	0.995431
DO466_F_23_Adipose_GT19_34021	45845907	202	40341392	3190675	199484	0.019187	0.864286	0.994098
DO186_M_18_Adipose_GT19_34120	42699713	202	37986075	2232791	258209	0.025975	0.850354	0.994301
DO118_M_17_Adipose_GT19_33841	44269365	202	39186531	2723436	145265	0.032324	0.852927	0.994089
DO140_F_18_Adipose_GT19_33911	62255926	202	53078231	6093702	241252	0.008979	0.888811	0.994074
DO518_M_23_Adipose_GT19_34281	72301443	202	65415057	3439767	231005	0.02625	0.866368	0.995313
DO280_M_19_Adipose_GT19_34106	39524143	202	34601735	2715661	151619	0.011032	0.87734	0.993095
DO062_F_17_Adipose_GT19_34155	47483690	202	41618819	3470474	227114	0.01226	0.8674	0.994288
DO325_F_21_Adipose_GT19_34133	40138043	202	34596967	3232257	135960	0.016346	0.877571	0.993765
DO396_M_21_Adipose_GT19_34066	39298199	202	35269692	1931410	188575	0.017979	0.867874	0.994763
DO089_M_17_Adipose_GT19_33983	53880772	202	47781575	3234064	227951	0.007228	0.886061	0.99525
DO205_M_18_Adipose_GT19-33776_GGTAATCG-GAACGTCG	36252403	202	32485237	1890521	162453	0.042975	0.836008	0.994907
DO119_M_17_Adipose_GT19_34286	53758030	202	46577462	3266203	205190	0.028725	0.815187	0.993642
DO475_F_23_Adipose_GT19-33765_TAAGTACC-GTGAGCCA	46207828	202	37958363	6175683	150704	0.008724	0.889584	0.992221
DO274_M_19_Adipose_GT19_33932	48270557	202	43011842	2722341	240535	0.015844	0.876636	0.995011
DO223_F_19_Adipose_GT19_33948	47489640	202	40218262	4922462	154260	0.014664	0.880256	0.99274
DO393_M_21_Adipose_GT19_33909	43674608	202	38820279	2077111	205829	0.027276	0.867734	0.995315
DO385_M_21_Adipose_GT19_34296	58048667	202	51935600	2954252	257121	0.039466	0.817751	0.994629
DO383_M_21_Adipose_GT19_34174	69437076	202	61354144	3661195	310622	0.039937	0.820924	0.993858
DO333_F_21_Adipose_GT19-33771_TGTCTAAC-GCCAGCCG	51366437	202	45900114	3070370	209984	0.007988	0.876489	0.994183
DO033_F_17_Adipose_GT19_34104	45392574	202	38891778	3303583	180266	0.018447	0.857712	0.993073
DO036_F_17_Adipose_GT19_33913	50167973	202	44741363	2771580	193350	0.016172	0.874433	0.99462
DO207_M_18_Adipose_GT19_34016	50960013	202	45314226	2838388	200589	0.0413	0.834327	0.994067
DO353_F_21_Adipose_GT19_34284	51304038	202	44215434	3898002	159284	0.028456	0.835364	0.993102
DO253_F_19_Adipose_GT19_34114	48112224	202	42773683	2276077	220372	0.012038	0.86785	0.994339
DO123_F_18_Adipose_GT19_34071	40906630	202	36509758	2165558	167379	0.017373	0.87538	0.994675
DO079_M_17_Adipose_GT19_34181	47925904	202	42677451	2709180	204024	0.021381	0.860998	0.994804
DO034_F_17_Adipose_GT19_33965	53432016	202	45464788	5037457	174601	0.02982	0.856107	0.991863
DO485_F_23_Adipose_GT19_33981	49445903	202	42226290	4423026	180687	0.02667	0.84943	0.992228
DO410_M_21_Adipose_GT19_33976	55096180	202	48618377	2943145	242542	0.036059	0.841559	0.994518
DO480_F_23_Adipose_GT19_34201	49593875	202	44252207	2438318	180535	0.028802	0.838383	0.994251
DO097_M_17_Adipose_GT19_33955	53030996	202	47558860	2994190	201950	0.006916	0.893202	0.994321
DO386_M_21_Adipose_GT19_33818	45760628	202	40826909	2713294	178125	0.00854	0.88552	0.994423
DO273_M_19_Adipose_GT19_34089	42824937	202	37972623	2246184	167493	0.022798	0.860188	0.99391
DO030_F_17_Adipose_GT19_34193	51777491	202	45874307	2958886	185465	0.028885	0.845144	0.994122
DO154_F_18_Adipose_GT19_33850	53324944	202	45914804	4052107	245202	0.004567	0.893678	0.993436
DO501_F_23_Adipose_GT19_33959	60909452	202	53710582	4399487	240562	0.015364	0.873596	0.99375
DO203_M_18_Adipose_GT19_33849	48832021	202	43506163	2801493	175798	0.025317	0.862209	0.994252
DO080_M_17_Adipose_GT19_33786	70538042	202	62586846	4226494	586853	0.01002	0.852886	0.994482
DO335_F_21_Adipose_GT19-33777_ACCTTAGA-ATGCGTAG	59320930	202	52364147	3702763	221920	0.01084	0.879195	0.994254
DO025_F_17_Adipose_GT19_33937	45369685	202	39104545	3650522	130909	0.038791	0.853516	0.993293
DO226_F_19_Adipose_GT19_34245	49713214	202	42654097	4362441	181523	0.010907	0.87857	0.993142
DO190_M_18_Adipose_GT19-33773_ACCGATTA-GCCGTGGC	48168185	202	42474294	2722699	180696	0.023329	0.851622	0.993281
DO304_M_19_Adipose_GT19-33758_TAGCCGAT-CCAATACT	55731256	202	48823114	3836733	263355	0.013741	0.855386	0.993284
DO489_F_23_Adipose_GT19_33856	43624482	202	36838581	4203919	213707	0.01003	0.879274	0.993311
DO476_F_23_Adipose_GT19_33936	45944194	202	40481669	3135265	170287	0.010738	0.888473	0.994422
DO243_F_19_Adipose_GT19_33991	48206840	202	41809598	3470607	199137	0.046357	0.815931	0.992403
DO339_F_21_Adipose_GT19_34140	56863113	202	49550217	4324175	250840	0.018221	0.866056	0.993806
DO350_F_21_Adipose_GT19_34006	45579544	202	38563840	4990132	153337	0.017499	0.884442	0.99255
DO327_F_21_Adipose_GT19_33885	45441757	202	39489971	3325974	186739	0.019473	0.868279	0.994534
DO086_M_17_Adipose_GT19_34051	39677344	202	35161900	2396834	149250	0.006811	0.890867	0.994135
DO319_M_19_Adipose_GT19_33926	50862345	202	45536560	2691525	197046	0.015784	0.887042	0.995156
DO299_M_19_Adipose_GT19_34096	39314531	202	34835112	1939566	221094	0.022619	0.857089	0.994682
DO039_F_17_Adipose_GT19_34216	44477357	202	39014124	2741938	196478	0.027806	0.839614	0.994143
DO042_F_17_Adipose_GT19_34234	61539883	202	52612409	6004462	235889	0.008583	0.89384	0.99343
DO359_F_21_Adipose_GT19-33761_CTCATCAC-GGTGGCAC	46304030	202	39743854	3947302	184125	0.012557	0.880048	0.993075
DO490_F_23_Adipose_GT19_33996	44332192	202	39241973	2432472	182665	0.070001	0.786795	0.994598
DO524_M_23_Adipose_GT19_34042	40341527	202	35377914	2133199	167075	0.016064	0.86256	0.99394
DO167_F_18_Adipose_GT19_33906	54210751	202	47744353	3907189	227549	0.007598	0.890662	0.9944
DO401_M_21_Adipose_GT19_34075	31475271	202	28139493	1672318	167019	0.020404	0.854996	0.993811
DO414_M_21_Adipose_GT19_34215	55710841	202	49481130	3107082	231695	0.038975	0.817478	0.994308
DO050_F_17_Adipose_GT19_33887	51035272	202	45021185	3637527	199171	0.015109	0.881217	0.993414
DO471_F_23_Adipose_GT19_33912	57922556	202	51514174	3530898	219766	0.029561	0.851209	0.995018
DO365_F_21_Adipose_GT19_34188	54459833	202	48167651	3327900	288179	0.029421	0.837636	0.99491
DO231_F_19_Adipose_GT19_34152	45920758	202	38976893	4240561	142736	0.024694	0.854978	0.992496
DO557_M_23_Adipose_GT19_33833	43002474	202	38412122	2255471	162541	0.007449	0.893798	0.994351
DO554_M_23_Adipose_GT19_33923	47358290	202	41999335	2288430	169587	0.019299	0.869658	0.99539
DO163_F_18_Adipose_GT19_34147	50181357	202	45079080	2635365	237812	0.013077	0.876517	0.994681
DO549_M_23_Adipose_GT19_33857	47603539	202	41925612	2954669	151855	0.004204	0.895839	0.993914
DO082_M_17_Adipose_GT19_33805	47618019	202	42700370	2457994	195888	0.013182	0.887569	0.995377
DO279_M_19_Adipose_GT19_33866	49847143	202	44762908	3018336	214870	0.021063	0.867627	0.994528
DO360_F_21_Adipose_GT19-33762_TATGCGGT-TAGGTGCT	56295619	202	44812776	4523177	153583	0.16594	0.489019	0.992565
DO513_M_23_Adipose_GT19-33760_TAGCGTTG-GTGTGAAC	47115636	202	41995311	2698628	232020	0.027213	0.851803	0.994158
DO256_F_19_Adipose_GT19-33778_AAGGAGTT-AATTAGAT	60783707	202	53524557	4687136	260613	0.006894	0.884055	0.993611
DO363_F_21_Adipose_GT19_33966	51400257	202	45852696	2780978	181375	0.023777	0.862684	0.994279
DO468_F_23_Adipose_GT19-33785_TTGTAGAT-CACTCTGA	49089393	202	42755763	3666917	250288	0.017668	0.866018	0.993194
DO145_F_18_Adipose_GT19_33803	64770438	202	57957242	3519202	277181	0.013434	0.879947	0.995177
DO129_F_18_Adipose_GT19_34061	48845957	202	43023079	3101512	212154	0.021747	0.862683	0.993726
DO060_F_17_Adipose_GT19_33987	44424522	202	39211843	3443702	247982	0.007532	0.883723	0.99444
DO213_M_18_Adipose_GT19_33836	48993687	202	43885588	2582977	184049	0.015059	0.88386	0.99502
DO558_M_23_Adipose_GT19_34044	41847655	202	36849507	2281240	189232	0.015257	0.871439	0.993744
DO261_F_19_Adipose_GT19_34142	67961837	202	58538899	5250629	277271	0.024363	0.847255	0.993009
DO388_M_21_Adipose_GT19_33884	50898370	202	44963172	3312065	190268	0.022073	0.861167	0.995027
DO310_M_19_Adipose_GT19_33842	40386031	202	36091102	2315113	205569	0.009047	0.885124	0.994629
DO192_M_18_Adipose_GT19_33822	51885209	202	46285019	2813128	212116	0.045226	0.839634	0.994856
DO238_F_19_Adipose_GT19_33860	50539890	202	44137526	3114593	253729	0.018807	0.874328	0.994599
DO491_F_23_Adipose_GT19_33921	47977679	202	41532497	3073925	191420	0.027909	0.855996	0.993585
DO172_M_18_Adipose_GT19_33917	47164503	202	41942103	2689415	150784	0.022108	0.877201	0.995071
DO285_M_19_Adipose_GT19_34186	74613891	202	66362163	4410026	296345	0.014538	0.880863	0.994564
DO519_M_23_Adipose_GT19_34111	33003340	202	28907406	1774198	118317	0.029928	0.827263	0.993978
DO286_M_19_Adipose_GT19_34242	60943523	202	54508347	3485890	269042	0.006065	0.890278	0.995202
DO106_M_17_Adipose_GT19_34048	39220340	202	34282617	2381604	182102	0.027001	0.861347	0.994114
DO121_F_18_Adipose_GT19_34065	51903387	202	45599982	3182248	174923	0.037684	0.809186	0.993884
DO047_F_17_Adipose_GT19_34200	56804481	202	49174188	4348094	214649	0.035858	0.828295	0.992963
DO090_M_17_Adipose_GT19_34168	52166260	202	46327330	3272145	243858	0.021928	0.857132	0.9941
DO323_F_21_Adipose_GT19_34054	49529939	202	43161493	3483134	211713	0.01302	0.880174	0.993831
DO514_M_23_Adipose_GT19_34275	54757782	202	48936894	2814196	291861	0.032201	0.828708	0.994939
DO342_F_21_Adipose_GT19-33770_ACCGTCCT-GTCCGACC	47189292	202	40875793	3972524	188205	0.008455	0.889533	0.993747
DO294_M_19_Adipose_GT19_34123	41752312	202	37341738	2035163	216575	0.015732	0.877724	0.995306
DO173_M_18_Adipose_GT19_34226	51437733	202	45896393	2898426	189731	0.017978	0.875317	0.994348
DO295_M_19_Adipose_GT19_33993	46512657	202	41651392	2252991	205208	0.026346	0.8537	0.994332
DO107_M_17_Adipose_GT19_34231	50789102	202	45741531	2505802	180258	0.03961	0.832656	0.994883
DO345_F_21_Adipose_GT19_34294	62897982	202	54220448	5335174	233083	0.02317	0.86411	0.993386
DO262_F_19_Adipose_GT19_34271	77346028	202	69586485	3672157	241686	0.021329	0.870851	0.99536
DO266_F_19_Adipose_GT19_34035	60702345	202	53802999	3740560	256503	0.01574	0.882142	0.994656
DO284_M_19_Adipose_GT19_33827	48076360	202	42758064	2575574	210717	0.041278	0.829269	0.994729
DO103_M_17_Adipose_GT19_33821	45010317	202	40382513	2575320	176755	0.016424	0.85363	0.994204
DO171_M_18_Adipose_GT19_33995	50167802	202	45670313	2427488	313035	0.005809	0.891995	0.994708
DO144_F_18_Adipose_GT19_34227	47315991	202	41896706	2618929	273847	0.016853	0.849383	0.993827
DO058_F_17_Adipose_GT19-33782_ACCAGGAC-TGTAGCGG	54194558	202	46147990	5547799	185242	0.014469	0.877264	0.993092
DO096_M_17_Adipose_GT19_34197	53820717	202	47144819	3430653	189628	0.035343	0.838686	0.993956
DO166_F_18_Adipose_GT19_34121	47999345	202	42245709	2957252	169864	0.0168	0.871842	0.993602
DO272_M_19_Adipose_GT19_34034	43372924	202	38332245	2114623	184505	0.005597	0.894576	0.99442
DO170_F_18_Adipose_GT19_33792	49417187	202	43774567	3222570	220897	0.020617	0.862006	0.993962
DO208_M_18_Adipose_GT19_34204	52125985	202	46205873	2896417	196531	0.045448	0.823691	0.994925
DO164_F_18_Adipose_GT19_34008	56222586	202	50042827	3458871	268008	0.013593	0.881391	0.994152
DO525_M_23_Adipose_GT19_33971	46148005	202	41215994	2507054	172368	0.010246	0.893056	0.994813
DO380_M_21_Adipose_GT19-33763_TAACTCGC-GAGCGGTT	45283407	202	40398258	2756797	215936	0.006305	0.865542	0.99424
DO225_F_19_Adipose_GT19_34157	50213242	202	43421225	3722213	180669	0.026426	0.835807	0.993352
DO330_F_21_Adipose_GT19_34198	57307494	202	47615795	5667190	244836	0.046284	0.807787	0.992901
DO257_F_19_Adipose_GT19_34151	52991565	202	45389885	5115087	190248	0.025925	0.864749	0.992379
DO494_F_23_Adipose_GT19_34116	43389531	202	36737127	4493932	127728	0.011297	0.880837	0.993446
DO193_M_18_Adipose_GT19_33973	49686237	202	44591487	2588394	206573	0.025293	0.860607	0.99447
DO069_F_17_Adipose_GT19_34282	60454369	202	54172115	3333159	374013	0.005058	0.853748	0.994529
DO399_M_21_Adipose_GT19_34269	51542497	202	45705468	2510755	202202	0.023561	0.861236	0.995267
DO287_M_19_Adipose_GT19_33831	47812765	202	42592657	2859472	196865	0.035998	0.82862	0.994489
DO543_M_23_Adipose_GT19_34107	44977306	202	39878359	2248883	196358	0.030241	0.840547	0.994462
DO329_F_21_Adipose_GT19_33886	50283490	202	43624047	3880409	201123	0.028252	0.859105	0.993641
DO093_M_17_Adipose_GT19_34175	67959502	202	60922097	3338908	283821	0.025225	0.856673	0.99518
DO022_F_17_Adipose_GT19_34060	43513767	202	39183629	2317658	180825	0.017046	0.877059	0.994716
DO242_F_19_Adipose_GT19_34126	41890634	202	35615177	4055157	142483	0.020933	0.86453	0.992664
DO157_F_18_Adipose_GT19_34138	62715477	202	55301546	3959445	310187	0.010212	0.878575	0.993958
DO416_M_21_Adipose_GT19_33899	56896999	202	50850938	2980378	366026	0.016911	0.867632	0.994538
DO397_M_21_Adipose_GT19_34280	51775713	202	46373530	2437325	204513	0.034189	0.840901	0.995246
DO354_F_21_Adipose_GT19_34132	45306114	202	39735701	2314053	195043	0.014888	0.88024	0.994486
DO087_M_17_Adipose_GT19_33867	49969317	202	44604308	3175793	247751	0.008461	0.885104	0.994571
DO376_M_21_Adipose_GT19-33769_ACCGCTAT-TGGTTGCA	53332093	202	47663809	2669150	217896	0.009478	0.883269	0.994399
DO102_M_17_Adipose_GT19_34053	22404891	202	19800657	1125537	94840	0.014259	0.865817	0.994
DO037_F_17_Adipose_GT19_34049	46005893	202	40063251	3180816	171181	0.015174	0.878852	0.993059
DO044_F_17_Adipose_GT19_34203	51821545	202	46254027	2986907	228660	0.026105	0.852585	0.994341
DO409_M_21_Adipose_GT19_34291	50112746	202	44754394	2649787	208003	0.015046	0.857486	0.995177
DO381_M_21_Adipose_GT19_33846	65747274	202	58502850	3815147	252040	0.008335	0.895406	0.994801
DO390_M_21_Adipose_GT19_34086	48118244	202	42092718	2782937	205896	0.020932	0.866423	0.99468
DO551_M_23_Adipose_GT19_33954	50722312	202	45291347	3016265	272401	0.023035	0.858717	0.994002
DO188_M_18_Adipose_GT19_33946	41786739	202	37281919	2489951	179169	0.003882	0.889115	0.99374
DO408_M_21_Adipose_GT19_34164	52663604	202	46625531	3367449	293631	0.010346	0.858152	0.993917
DO141_F_18_Adipose_GT19_34267	65008501	202	56762684	5393786	273240	0.015707	0.864793	0.993822
DO065_F_17_Adipose_GT19_34062	33737846	202	30251652	1713108	206155	0.017695	0.859999	0.994413
DO247_F_19_Adipose_GT19_34081	49844014	202	44626841	2561572	229169	0.030489	0.854843	0.994874
DO024_F_17_Adipose_GT19_33980	47111938	202	41136272	3512785	199943	0.023296	0.856872	0.993894
DO183_M_18_Adipose_GT19_33938	47144451	202	42417693	2741510	219284	0.005281	0.901283	0.995431
DO314_M_19_Adipose_GT19_34009	48083576	202	43164231	2529946	242008	0.037207	0.824785	0.994273
DO206_M_18_Adipose_GT19_34141	47707902	202	42676630	2519452	217278	0.023281	0.864951	0.994651
DO322_F_21_Adipose_GT19_33804	45340497	202	39891461	3192109	152568	0.031157	0.83869	0.994051
DO504_F_23_Adipose_GT19_34185	39735163	202	34241291	3338889	130676	0.024335	0.845035	0.992285
DO550_M_23_Adipose_GT19_34057	46602649	202	41366134	2269385	250093	0.010959	0.882169	0.994412
DO147_F_18_Adipose_GT19_33837	51543255	202	44585503	4475179	229467	0.017023	0.873996	0.994718
DO057_F_17_Adipose_GT19_34169	53578747	202	46441761	4449726	222078	0.027485	0.853047	0.992953
DO227_F_19_Adipose_GT19_34184	49774151	202	42436121	4456920	220297	0.026005	0.852642	0.992891
DO344_F_21_Adipose_GT19_34072	45583201	202	39160889	3643520	189766	0.015859	0.869741	0.992765
DO092_M_17_Adipose_GT19_33919	32361136	202	29011915	1824890	118641	0.022952	0.864231	0.994832
DO088_M_17_Adipose_GT19_33789	50574527	202	45151527	2852174	251581	0.027898	0.845584	0.995307
DO216_M_18_Adipose_GT19_34276	59554738	202	53003923	3086579	213272	0.044957	0.821819	0.994836
DO560_M_23_Adipose_GT19_33947	48855003	202	43597708	3057132	202459	0.010257	0.887912	0.993539
DO290_M_19_Adipose_GT19_34159	49716312	202	44542167	2484703	259524	0.043319	0.819556	0.994802
DO249_F_19_Adipose_GT19_33928	45230683	202	40046958	2704131	175824	0.017922	0.880932	0.994835
DO199_M_18_Adipose_GT19_34058	39223637	202	35211222	2084150	144347	0.005942	0.897632	0.994298
DO073_M_17_Adipose_GT19_34134	44313866	202	39002411	2531870	181193	0.017384	0.87417	0.994668
DO374_M_21_Adipose_GT19_33974	50220051	202	44870687	2731910	196544	0.026315	0.855908	0.994905
DO541_M_23_Adipose_GT19_33847	52307961	202	46720831	2545703	243115	0.024526	0.857014	0.995127
DO230_F_19_Adipose_GT19_34052	43620274	202	37579984	3435105	174599	0.009894	0.886461	0.993338
DO219_M_18_Adipose_GT19_33896	55881556	202	50325149	2650096	221309	0.022706	0.868718	0.994788
DO204_M_18_Adipose_GT19_33933	47697341	202	42650808	2505556	183117	0.013881	0.863863	0.994867
DO179_M_18_Adipose_GT19_33977	61005187	202	54802829	2956837	231497	0.033638	0.855218	0.994436
DO217_M_18_Adipose_GT19_33868	45457135	202	41008435	2309032	191162	0.027341	0.860317	0.995248
DO184_M_18_Adipose_GT19-33779_TGAAGCCA-TTACGATA	52982904	202	47243652	3194365	176583	0.005528	0.897913	0.994082
DO516_M_23_Adipose_GT19_34097	44355143	202	39584858	2426722	219801	0.03158	0.843359	0.994801
DO114_M_17_Adipose_GT19_34032	52256279	202	46714951	2810791	233125	0.009367	0.881453	0.994566
DO316_M_19_Adipose_GT19-33783_TTGGCAGG-GTGTCATG	54027020	202	47978181	2773089	214697	0.04426	0.821798	0.994497
DO407_M_21_Adipose_GT19_34153	58959043	202	52467941	3335842	263407	0.018325	0.856387	0.994258
DO084_M_17_Adipose_GT19_33844	40776136	202	36520350	2238214	145836	0.009175	0.897633	0.994958
DO248_F_19_Adipose_GT19_34253	62803811	202	56420473	4010334	225245	0.0123	0.879485	0.994908
DO511_M_23_Adipose_GT19_34209	52051173	202	46505446	2612719	255175	0.033702	0.826343	0.994318
DO064_F_17_Adipose_GT19_34056	46256305	202	41215669	2686849	191572	0.015348	0.857623	0.993775
DO126_F_18_Adipose_GT19_34287	79496097	202	69953841	5499270	337770	0.013311	0.876875	0.994184
DO352_F_21_Adipose_GT19_34110	43995562	202	37833012	3591858	168119	0.016418	0.870779	0.993517
DO148_F_18_Adipose_GT19_34288	54548013	202	49085421	2610131	236112	0.022509	0.855911	0.995301
DO228_F_19_Adipose_GT19_34127	44117151	202	37801095	3791114	155157	0.021967	0.865061	0.993634
DO101_M_17_Adipose_GT19_33968	48692339	202	43794849	2650269	222954	0.009791	0.895108	0.994878
DO484_F_23_Adipose_GT19_33832	43788914	202	38228733	2994920	178519	0.020105	0.8743	0.993584
DO473_F_23_Adipose_GT19_33828	42731854	202	37493844	3186546	141449	0.015716	0.877485	0.994085
DO358_F_21_Adipose_GT19_33843	48085372	202	41194695	4509117	172170	0.01862	0.878025	0.99355
DO180_M_18_Adipose_GT19_34010	44919649	202	40082658	2440362	208221	0.006223	0.877276	0.99308
DO474_F_23_Adipose_GT19_34278	55521869	202	48220260	4366501	186998	0.010217	0.89041	0.993678
DO403_M_21_Adipose_GT19_34028	58653635	202	52078388	3094729	353833	0.016032	0.86299	0.994232
DO544_M_23_Adipose_GT19_34059	41202066	202	36804587	2141338	178684	0.049835	0.813306	0.994238
DO495_F_23_Adipose_GT19_34078	45388487	202	39698939	2773945	166732	0.028192	0.832463	0.993038
DO091_M_17_Adipose_GT19_34139	54496496	202	49128558	2773391	218521	0.016973	0.875767	0.994362
DO221_F_19_Adipose_GT19_34238	53117596	202	46422770	3888505	192309	0.010815	0.877397	0.993786
DO236_F_19_Adipose_GT19_33859	48911802	202	41812461	4554168	192953	0.0123	0.893023	0.99371
DO222_F_19_Adipose_GT19_34109	41196841	202	34305569	4283941	131127	0.029051	0.861534	0.992405
DO400_M_21_Adipose_GT19_33872	50206926	202	45354325	2465055	241794	0.020689	0.867632	0.994895
DO300_M_19_Adipose_GT19_33915	49423733	202	44113432	2514750	193164	0.01314	0.88894	0.995599
DO109_M_17_Adipose_GT19_34067	36499227	202	31955345	2176539	273525	0.014248	0.856607	0.99337
DO111_M_17_Adipose_GT19_34026	52815962	202	47294874	2908135	190142	0.006491	0.899237	0.994866
DO071_M_17_Adipose_GT19_34273	66026692	202	58794497	3249846	398215	0.016407	0.861349	0.99514
DO258_F_19_Adipose_GT19-33766_AAGTCGTG-AATTATGC	47583242	202	42160918	2538706	200660	0.037713	0.832933	0.994389
DO237_F_19_Adipose_GT19_34094	40996790	202	33766904	4491619	161356	0.019498	0.879291	0.992295
DO356_F_21_Adipose_GT19_33910	52447122	202	46878591	2874341	262415	0.037419	0.841705	0.995059
DO066_F_17_Adipose_GT19_34258	67995024	202	60037742	4476669	342971	0.008556	0.887345	0.994815
DO094_M_17_Adipose_GT19_34099	46583706	202	40885520	3243353	262524	0.010783	0.871952	0.994057
DO522_M_23_Adipose_GT19_33823	51095189	202	45688064	2892994	187986	0.02048	0.872581	0.994874
DO159_F_18_Adipose_GT19_33874	50924189	202	44746780	3011337	239397	0.036168	0.818133	0.994682
DO202_M_18_Adipose_GT19_33927	48084962	202	42099747	2549298	161159	0.035201	0.853806	0.995198
DO229_F_19_Adipose_GT19_33816	47846266	202	42590565	3062666	149079	0.028891	0.857146	0.993736
DO155_F_18_Adipose_GT19_34036	47450749	202	42000457	3211671	189706	0.004995	0.897101	0.994278
DO120_M_17_Adipose_GT19_34172	59402957	202	52636555	3269841	294761	0.023876	0.844516	0.994498
DO165_F_18_Adipose_GT19_33984	47939952	202	42621282	2702651	219703	0.027401	0.842044	0.994165
DO083_M_17_Adipose_GT19_34122	38073323	202	33919161	2059310	162394	0.008852	0.876691	0.994529
DO547_M_23_Adipose_GT19_33907	52194290	202	46689658	2802956	188656	0.02069	0.877843	0.995393
DO301_M_19_Adipose_GT19_34018	41293185	202	37133745	2230075	194401	0.003156	0.895786	0.994554
DO313_M_19_Adipose_GT19-33775_ACCTGACT-GACTTATA	38880202	202	34545818	2190463	210113	0.032722	0.821163	0.994188
DO053_F_17_Adipose_GT19_33922	57940237	202	51316202	3168010	222754	0.016053	0.878274	0.995469
DO076_M_17_Adipose_GT19_33855	47112903	202	41261965	2484060	164905	0.020038	0.870936	0.994871
DO337_F_21_Adipose_GT19_34146	57615328	202	49126178	5555328	236354	0.009525	0.878383	0.993394
DO289_M_19_Adipose_GT19_33808	48117941	202	43148778	2715744	204335	0.035652	0.847249	0.994877
DO130_F_18_Adipose_GT19_33892	49000764	202	43546916	3249385	177599	0.030387	0.849511	0.994488
DO151_F_18_Adipose_GT19_33825	45330009	202	39801636	3013905	232861	0.023598	0.849647	0.994078
DO521_M_23_Adipose_GT19_34076	62992994	202	56052852	3312564	247801	0.017315	0.878032	0.995041
DO196_M_18_Adipose_GT19_34002	48171615	202	42682543	2843728	166894	0.038972	0.837838	0.993552
DO100_M_17_Adipose_GT19-33784_ACCATTAA-GAACCGGT	47624057	202	42298017	2748495	193077	0.031043	0.850555	0.994076
DO307_M_19_Adipose_GT19_34237	53026639	202	47288002	3176875	279963	0.010235	0.870324	0.994691
DO492_F_23_Adipose_GT19_33878	52664423	202	44862082	4708685	172410	0.016407	0.875968	0.993164
DO405_M_21_Adipose_GT19_33952	52766426	202	41426820	3880832	192513	0.210903	0.362713	0.99308
DO174_M_18_Adipose_GT19_34283	51787330	202	45774237	3220453	179380	0.009862	0.895699	0.995486
DO368_F_21_Adipose_GT19_34098	44415159	202	39173948	3130938	195543	0.013005	0.873637	0.993964
DO061_F_17_Adipose_GT19_34082	38623123	202	34392827	2187532	148074	0.022907	0.857562	0.994524
DO201_M_18_Adipose_GT19_34202	63422055	202	56590887	3664612	256002	0.032598	0.855221	0.994916
DO041_F_17_Adipose_GT19_34050	34661243	202	30782879	2053791	143735	0.008115	0.883338	0.993632
DO415_M_21_Adipose_GT19_34137	44421717	202	39065748	2700186	164944	0.011532	0.868195	0.993214
DO244_F_19_Adipose_GT19_34125	40166167	202	35919952	1967387	167368	0.020231	0.863263	0.994884
DO150_F_18_Adipose_GT19_33879	44971066	202	39428145	2976795	158014	0.022485	0.865411	0.993703
DO075_M_17_Adipose_GT19-33754_AAGTGTAT-AATTAATG	60587900	202	53911862	3420015	368125	0.009567	0.870681	0.994342
DO404_M_21_Adipose_GT19_34124	46436180	202	41604285	2514062	178864	0.023974	0.859078	0.994372
DO099_M_17_Adipose_GT19_33883	36106287	202	32394223	1775538	167537	0.017771	0.871826	0.995694
DO176_M_18_Adipose_GT19_34019	56149468	202	50424387	3083127	236380	0.004409	0.897789	0.994568
DO153_F_18_Adipose_GT19_34212	52363466	202	44906620	4522326	246397	0.018274	0.860241	0.992698
DO520_M_23_Adipose_GT19_34207	50912708	202	45542998	2459676	196595	0.027149	0.85167	0.994678
DO306_M_19_Adipose_GT19_33935	46563453	202	41516011	2296432	163926	0.039322	0.839544	0.995328
DO320_M_19_Adipose_GT19_34290	51900685	202	45906715	3013386	228970	0.01114	0.883619	0.995099
DO413_M_21_Adipose_GT19_34274	54946687	202	49669860	2901580	249480	0.015203	0.878889	0.995727
DO250_F_19_Adipose_GT19_33958	56520889	202	49257729	4111530	230311	0.024081	0.855058	0.993256
DO055_F_17_Adipose_GT19_33869	51689872	202	45331359	3599496	234021	0.015926	0.878028	0.994523
DO559_M_23_Adipose_GT19_34033	51770549	202	46288100	2679885	241995	0.030144	0.852258	0.994763
DO043_F_17_Adipose_GT19_34222	57708520	202	50093326	3141509	227516	0.054794	0.761195	0.994799
DO384_M_21_Adipose_GT19_33905	56258441	202	50628267	2837302	255543	0.036455	0.837866	0.994942
DO377_M_21_Adipose_GT19_33960	60814755	202	54847535	2980276	263233	0.01424	0.876231	0.994542
DO389_M_21_Adipose_GT19_33986	51749545	202	46835455	2608996	227666	0.012407	0.876769	0.995018
DO265_F_19_Adipose_GT19_34166	54661954	202	47087730	4534829	194152	0.024295	0.845176	0.99299
DO085_M_17_Adipose_GT19_34248	55698144	202	50293685	2822132	197074	0.015262	0.871696	0.995466
DO493_F_23_Adipose_GT19-33767_TTCAGAAC-TTACGCCG	50532621	202	43026973	4603725	179528	0.019312	0.869286	0.993216
DO194_M_18_Adipose_GT19_34232	55806371	202	49971082	2802595	217235	0.034987	0.840733	0.994403
DO271_M_19_Adipose_GT19_34190	57702452	202	51677775	2867792	224832	0.036942	0.844807	0.995379
DO530_M_23_Adipose_GT19_34063	49600205	202	44188393	2390921	204752	0.014369	0.868345	0.994634
DO182_M_18_Adipose_GT19_34003	63904362	202	55829320	3786121	253486	0.032859	0.845852	0.994807
DO488_F_23_Adipose_GT19_34224	59003265	202	52380838	3820676	245754	0.035463	0.830378	0.994973
DO138_F_18_Adipose_GT19_34165	47460301	202	40603029	4081377	189770	0.023806	0.848538	0.99236
DO506_F_23_Adipose_GT19_34254	57225629	202	48892004	5127700	178063	0.016457	0.871664	0.994012
DO523_M_23_Adipose_GT19_34228	48635638	202	43722539	2555752	209954	0.020672	0.863426	0.994743
DO246_F_19_Adipose_GT19_33963	47463615	202	40925561	4485474	212987	0.005621	0.897443	0.993208
DO038_F_17_Adipose_GT19_34011	54419270	202	48766323	2976753	232245	0.015591	0.873986	0.994846
DO239_F_19_Adipose_GT19_33791	44511993	202	40042331	2566060	166367	0.022305	0.868701	0.994933
DO081_M_17_Adipose_GT19_33900	46407753	202	41688201	2614179	173243	0.014162	0.883132	0.995373
DO417_M_21_Adipose_GT19_34005	54643862	202	48970743	2714728	251054	0.03076	0.84603	0.994712
DO074_M_17_Adipose_GT19_34218	54887456	202	48633134	2981635	329026	0.032788	0.823934	0.994189
DO347_F_21_Adipose_GT19_34214	62961194	202	55716149	3424905	257201	0.022668	0.850436	0.994204
DO362_F_21_Adipose_GT19_33799	46973413	202	41500096	3403918	224517	0.023406	0.858811	0.994123
DO028_F_17_Adipose_GT19_34029	48569034	202	43317681	3063771	179985	0.009996	0.891079	0.994105
DO406_M_21_Adipose_GT19_34024	54078151	202	48229205	2869549	380242	0.032543	0.839917	0.994476
DO297_M_19_Adipose_GT19_33802	39959523	202	35842006	2330672	169683	0.009509	0.886594	0.994792
DO263_F_19_Adipose_GT19-33759_CGATCCAC-TCGCGCAT	48317751	202	40813867	4802840	179684	0.01562	0.867147	0.992036
DO338_F_21_Adipose_GT19_34293	55913086	202	50021871	3284896	176241	0.027455	0.86328	0.995165
DO241_F_19_Adipose_GT19_33902	49537523	202	43929780	2701993	177704	0.024115	0.874075	0.994904
DO054_F_17_Adipose_GT19_34240	58802808	202	51142827	4724156	262386	0.014163	0.877088	0.994077
DO517_M_23_Adipose_GT19_33810	45619006	202	41144646	2294410	182549	0.012726	0.881712	0.995
DO128_F_18_Adipose_GT19_34171	54121865	202	46898597	4122952	193103	0.029239	0.83646	0.993634
DO031_F_17_Adipose_GT19_34256	50858230	202	43754144	4808277	223825	0.010498	0.905525	0.994866
DO478_F_23_Adipose_GT19_34225	51123798	202	42638537	5069330	186965	0.041286	0.815215	0.991892
DO321_F_21_Adipose_GT19_34277	59148948	202	51641394	3596820	178240	0.063123	0.792728	0.994033
DO507_F_23_Adipose_GT19_34020	48045118	202	41738920	3374759	184380	0.028949	0.841436	0.993437
DO211_M_18_Adipose_GT19_33924	44753232	202	40132987	2120466	141811	0.041645	0.837914	0.995378
DO233_F_19_Adipose_GT19_34055	36891299	202	31220488	3359406	114125	0.025663	0.854869	0.992362
DO245_F_19_Adipose_GT19_34239	57241015	202	49986576	4288471	225561	0.013702	0.873117	0.994568
DO181_M_18_Adipose_GT19_34079	61503554	202	54688638	3115882	384136	0.030513	0.833867	0.993751
DO527_M_23_Adipose_GT19_34268	59143089	202	53049446	2977135	209354	0.007583	0.891019	0.994813
DO308_M_19_Adipose_GT19_33798	44298552	202	39677448	2535027	162589	0.032014	0.851338	0.994756
DO382_M_21_Adipose_GT19_33897	52165965	202	46463471	2722263	228116	0.029059	0.860477	0.995023
DO528_M_23_Adipose_GT19_33908	48345437	202	43437468	2309996	226740	0.012792	0.880399	0.995412
DO214_M_18_Adipose_GT19_34170	78506298	202	70567311	4028079	336059	0.025141	0.862266	0.994771
DO305_M_19_Adipose_GT19_34148	58380784	202	52290720	3110441	336015	0.010427	0.87296	0.994452
DO209_M_18_Adipose_GT19_34285	48399471	202	43182707	2486688	166438	0.025701	0.859576	0.994794
DO175_M_18_Adipose_GT19_34250	52249291	202	46895752	3025668	199621	0.008108	0.899563	0.995343
DO158_F_18_Adipose_GT19_34041	45337337	202	37841274	4577398	159389	0.025578	0.851421	0.991368
DO169_F_18_Adipose_GT19_33815	48285808	202	42363929	3504392	152052	0.016814	0.885183	0.994256
DO371_M_21_Adipose_GT19_33997	44904642	202	40760425	2181152	159928	0.032365	0.860457	0.995175
DO268_F_19_Adipose_GT19_33894	54709591	202	46117149	5365352	224616	0.031265	0.857135	0.993383
DO112_M_17_Adipose_GT19_34068	44106352	202	39119738	2443359	243492	0.016436	0.862323	0.994427
DO026_F_17_Adipose_GT19_34229	63280602	202	52989948	6751844	268605	0.020567	0.877852	0.993074
DO366_F_21_Adipose_GT19_33904	52058439	202	46252344	2783300	248979	0.024726	0.862777	0.995293
DO059_F_17_Adipose_GT19_33820	44289382	202	38763556	3236085	160144	0.013578	0.865881	0.994268
DO361_F_21_Adipose_GT19_33863	39867426	202	34804461	2870045	130039	0.01476	0.886749	0.994492
DO538_M_23_Adipose_GT19_34183	66358516	202	59497056	3428087	247133	0.032416	0.832732	0.994843
DO467_F_23_Adipose_GT19_33819	46452960	202	39694473	4431738	167848	0.014814	0.885126	0.993208
DO160_F_18_Adipose_GT19_34266	57100360	202	50898623	4017205	211956	0.008478	0.876148	0.994211
DO533_M_23_Adipose_GT19_34119	48396867	202	42738410	2470748	199027	0.01666	0.874562	0.994612
DO534_M_23_Adipose_GT19_33858	42230493	202	37894182	2329213	161585	0.004665	0.892405	0.994619
DO482_F_23_Adipose_GT19_34136	43233439	202	36853348	3250787	200907	0.020254	0.862507	0.992894
DO540_M_23_Adipose_GT19_34208	53076235	202	47256050	2603051	214835	0.033356	0.83174	0.994686
DO515_M_23_Adipose_GT19_34022	52270192	202	45020235	2451008	258949	0.042908	0.827456	0.994707
DO218_M_18_Adipose_GT19_34255	48613178	202	43512121	2497251	252265	0.014449	0.874471	0.994816
DO331_F_21_Adipose_GT19_34001	47747960	202	41440693	3821265	212245	0.027189	0.85639	0.993232
DO195_M_18_Adipose_GT19-33768_GTTATATA-GTAGTGAT	48736305	202	43303052	3072133	168131	0.0253	0.841476	0.993437
DO252_F_19_Adipose_GT19_34167	47789731	202	41742205	3151399	207716	0.027198	0.837808	0.993487
DO291_M_19_Adipose_GT19-33764_CGTACGTT-AGGATTAG	50846825	202	45954167	2574030	164200	0.021337	0.871086	0.994918
DO270_F_19_Adipose_GT19_33970	43450670	202	38085422	2992248	174060	0.026055	0.852326	0.993835
DO486_F_23_Adipose_GT19_33796	48626754	202	42874648	3433003	200121	0.01468	0.872211	0.994108
DO411_M_21_Adipose_GT19_33982	60657219	202	53954959	3421712	204746	0.007954	0.89384	0.995197
DO535_M_23_Adipose_GT19_34090	41632260	202	37354843	2233496	241897	0.021199	0.87064	0.994988
DO067_F_17_Adipose_GT19_34199	72460528	202	64693763	4303611	280887	0.022624	0.85329	0.994662
DO277_M_19_Adipose_GT19_34088	44810459	202	39829610	2528386	197163	0.030495	0.836821	0.994161
DO177_M_18_Adipose_GT19_33969	50641299	202	45402058	2915701	299134	0.010262	0.880157	0.993725
DO465_F_23_Adipose_GT19_34085	50822197	202	44434623	2998285	165946	0.035168	0.854226	0.993948
DO483_F_23_Adipose_GT19_34130	36994380	202	32652305	2277885	164565	0.006806	0.882323	0.994015
DO555_M_23_Adipose_GT19_34211	53351412	202	47770196	2571001	261305	0.045033	0.824164	0.994625
DO548_M_23_Adipose_GT19_33929	43956651	202	39394072	2169601	197357	0.011565	0.886372	0.994491
DO317_M_19_Adipose_GT19_34236	52899559	202	47786774	2625847	178413	0.010837	0.878791	0.995116
DO095_M_17_Adipose_GT19-33780_GTGTTGTA-CTGTACAA	46150683	202	41255692	2918566	207250	0.013649	0.886689	0.994485
DO068_F_17_Adipose_GT19_33812	48971326	202	42345505	4538434	217196	0.010983	0.882956	0.993064
DO269_F_19_Adipose_GT19_34257	47761214	202	41804337	3486694	139694	0.021019	0.875372	0.994533
DO255_F_19_Adipose_GT19_33957	52419333	202	47658358	2415821	191455	0.008871	0.891988	0.994972
DO023_F_17_Adipose_GT19_34143	51871753	202	46432392	2730079	199293	0.02434	0.854166	0.994749
DO499_F_23_Adipose_GT19_34131	40869479	202	35859763	2700093	138678	0.017979	0.870796	0.993876
DO132_F_18_Adipose_GT19_34023	53968249	202	48257351	2764952	201620	0.026511	0.849082	0.994631
DO318_M_19_Adipose_GT19_33903	45364878	202	40197605	2525207	208504	0.030462	0.848171	0.995322
DO556_M_23_Adipose_GT19_33999	47718405	202	42992121	2393161	191882	0.010573	0.89362	0.994681
DO472_F_23_Adipose_GT19_34129	43131340	202	38152291	2485430	190490	0.013521	0.88352	0.993605
DO105_M_17_Adipose_GT19_34221	49151852	202	43719446	2260814	186942	0.048116	0.809602	0.994882
DO349_F_21_Adipose_GT19_34243	62369494	202	54316759	4806544	567447	0.010837	0.83953	0.994081
DO315_M_19_Adipose_GT19_33998	44154946	202	39389935	2300412	264007	0.037386	0.819465	0.993849
DO296_M_19_Adipose_GT19_34173	55052237	202	49219537	2703141	286730	0.034112	0.830028	0.994718
DO124_F_18_Adipose_GT19_33930	52284941	202	46331765	2998976	198861	0.015734	0.874687	0.995037
DO063_F_17_Adipose_GT19_33961	54586661	202	47425803	4583281	176770	0.003685	0.898198	0.992806
DO536_M_23_Adipose_GT19_34220	56269615	202	49785035	2916377	225145	0.030765	0.833822	0.994707
DO078_M_17_Adipose_GT19_34007	53393532	202	48234650	2498573	240903	0.009427	0.891252	0.994472
DO370_F_21_Adipose_GT19_34241	48579514	202	42968761	3154474	201753	0.01144	0.880746	0.994873
DO240_F_19_Adipose_GT19_34219	53318381	202	47695062	2749690	231869	0.021823	0.870697	0.995164
DO282_M_19_Adipose_GT19_34069	45306277	202	40113284	2173950	195382	0.034844	0.833343	0.994437
DO178_M_18_Adipose_GT19_33807	47061416	202	41842280	2699587	181268	0.029087	0.861677	0.994609
DO281_M_19_Adipose_GT19_34027	51605550	202	45264463	3121181	179813	0.005285	0.910058	0.994786
DO552_M_23_Adipose_GT19_33865	46573545	202	41406890	2375001	250040	0.023097	0.850846	0.994486
DO275_M_19_Adipose_GT19_34261	56598601	202	51014266	2772281	243965	0.012694	0.887468	0.995327
DO387_M_21_Adipose_GT19_33871	51516022	202	45930930	2584615	170429	0.03175	0.853868	0.994838
DO098_M_17_Adipose_GT19_34000	50965361	202	45217033	2794230	222952	0.031352	0.821943	0.994253
DO357_F_21_Adipose_GT19_34150	51670687	202	44963709	3364298	180366	0.032703	0.824717	0.994016
DO510_F_23_Adipose_GT19_34178	81772473	202	69685925	7733497	304210	0.020894	0.86156	0.99354
DO469_F_23_Adipose_GT19_33876	52267332	202	45431394	4146762	170522	0.0164	0.879627	0.994244
DO187_M_18_Adipose_GT19_34113	43054450	202	37874951	2131044	188570	0.021036	0.86657	0.994612
DO395_M_21_Adipose_GT19_33806	47285703	202	42596322	2368792	262729	0.022689	0.859206	0.994987
DO162_F_18_Adipose_GT19_33950	57189631	202	48974960	5137393	235721	0.02923	0.844946	0.992113
DO402_M_21_Adipose_GT19_33964	49354123	202	44165759	2767138	181611	0.025164	0.869898	0.994396
DO125_F_18_Adipose_GT19-33756_CTTGCTAT-GAAGGAAC	58167452	202	51494339	4042840	207417	0.004682	0.890522	0.993959
DO259_F_19_Adipose_GT19-33755_GTCCACTC-TTAATTCC	51331152	202	43870666	4468474	170869	0.038865	0.81984	0.991779
DO398_M_21_Adipose_GT19_34093	63108588	202	55513648	3298485	312146	0.047739	0.815016	0.995116
DO051_F_17_Adipose_GT19_34246	54849657	202	48644735	2847364	219353	0.03402	0.837428	0.994833
DO336_F_21_Adipose_GT19_34259	50104352	202	41988622	5987675	142019	0.009831	0.895204	0.99456
DO529_M_23_Adipose_GT19_34101	53994931	202	48009592	2609086	188709	0.020093	0.849515	0.994409
DO049_F_17_Adipose_GT19_34162	66773517	202	59563753	3771517	307040	0.017162	0.866036	0.994012
DO355_F_21_Adipose_GT19_34145	46986127	202	39761044	3712449	179268	0.037275	0.821132	0.991141
DO378_M_21_Adipose_GT19_33920	47380283	202	42750903	2375310	173604	0.039648	0.842594	0.995186
DO021_F_17_Adipose_GT19_33809	42785402	202	38036956	2799983	170971	0.025314	0.846124	0.99367
DO040_F_17_Adipose_GT19_34180	53596505	202	46758080	4160059	194410	0.023847	0.853284	0.994042
DO311_M_19_Adipose_GT19_34108	44302642	202	39374917	2385685	175272	0.016241	0.871919	0.99451
DO379_M_21_Adipose_GT19_33790	54355267	202	48530274	2763592	217551	0.03023	0.810115	0.994001
DO367_F_21_Adipose_GT19_34249	50406945	202	42497540	5343846	189904	0.011855	0.891734	0.99307
DO185_M_18_Adipose_GT19_33882	53058945	202	46975008	3189618	290776	0.016564	0.861959	0.994371
DO131_F_18_Adipose_GT19_33990	37842528	202	31967147	3726649	129257	0.042347	0.832657	0.991881
DO056_F_17_Adipose_GT19_33978	53696957	202	47465644	3553195	232235	0.019084	0.872706	0.993923
DO364_F_21_Adipose_GT19_34292	58415455	202	51385759	3469982	205654	0.015149	0.879173	0.994506
DO212_M_18_Adipose_GT19_34189	55460195	202	49201400	3096230	208785	0.037209	0.841237	0.995018
DO288_M_19_Adipose_GT19_34102	47024482	202	41553318	2748939	161601	0.02598	0.858213	0.994509
DO113_M_17_Adipose_GT19_34272	58828863	202	52517375	3177760	263678	0.028387	0.846822	0.994517
DO234_F_19_Adipose_GT19_34205	48792313	202	42157908	3628403	172166	0.043718	0.813973	0.994324
DO537_M_23_Adipose_GT19_33801	34724892	202	31036039	1811421	141572	0.027437	0.862831	0.994659
DO072_M_17_Adipose_GT19_34217	57323143	202	50906317	2943801	384725	0.027426	0.83474	0.994718
DO477_F_23_Adipose_GT19-33757_TACATAGA-CAGGCATA	49344062	202	42682734	4169337	185769	0.009569	0.892228	0.993333
DO254_F_19_Adipose_GT19_34144	48205225	202	41294798	4199734	204626	0.023348	0.845968	0.992557
DO046_F_17_Adipose_GT19_33793	44124154	202	36977964	4357806	157200	0.042534	0.827351	0.992494
DO298_M_19_Adipose_GT19_33962	44273937	202	39930623	2517504	193353	0.005961	0.891283	0.994683
DO312_M_19_Adipose_GT19_33814	49806948	202	44694389	2666396	253820	0.019409	0.856856	0.99444
DO293_M_19_Adipose_GT19_33880	53049590	202	46680348	3754749	157581	0.01219	0.891006	0.994112
DO375_M_21_Adipose_GT19_33988	53831964	202	47678849	3175567	199654	0.036753	0.851213	0.994269
DO070_F_17_Adipose_GT19_33817	40171093	202	34791299	2969238	202337	0.026454	0.836156	0.992156
DO496_F_23_Adipose_GT19_34115	41865757	202	36734948	2225802	166269	0.02984	0.849436	0.99483
DO309_M_19_Adipose_GT19_33881	48679706	202	42543326	2644140	166216	0.023856	0.864358	0.994612
DO283_M_19_Adipose_GT19_33870	35942043	202	31519818	2042576	234743	0.032102	0.832061	0.995514
DO278_M_19_Adipose_GT19_33916	47830941	202	42638696	2743050	200406	0.012856	0.889877	0.995224
DO487_F_23_Adipose_GT19_34279	67052371	202	58227357	5211629	279988	0.019736	0.862863	0.993466
DO324_F_21_Adipose_GT19_34039	52531705	202	45269958	4080197	220514	0.021525	0.866607	0.993845
DO412_M_21_Adipose_GT19_33839	55798423	202	49493047	2790969	222430	0.024248	0.870764	0.995062
DO133_F_18_Adipose_GT19_33914	48666297	202	42882663	3574824	291921	0.017199	0.858756	0.993697
DO235_F_19_Adipose_GT19_34070	51060387	202	44234806	3576171	191622	0.025576	0.862987	0.994002
DO512_M_23_Adipose_GT19_34118	46513664	202	41047536	2803370	216832	0.021486	0.863657	0.993945
DO546_M_23_Adipose_GT19_34112	43524891	202	38851790	1958537	187414	0.02426	0.871048	0.994989
DO531_M_23_Adipose_GT19_34192	55808545	202	49641983	3017067	189501	0.020287	0.843255	0.994583
DO220_M_18_Adipose_GT19_33788	52807314	202	47212622	3016974	194847	0.021154	0.85461	0.993705
DO394_M_21_Adipose_GT19_34100	56432192	202	50553481	2789988	216635	0.019616	0.874885	0.995004
DO232_F_19_Adipose_GT19_33992	55479804	202	49553709	2836512	254390	0.035794	0.833358	0.99375
DO332_F_21_Adipose_GT19_33931	50432016	202	42920861	4590194	187569	0.012085	0.885402	0.993824
DO149_F_18_Adipose_GT19_34187	61489090	202	51119339	6408392	189158	0.036466	0.808609	0.992844
DO276_M_19_Adipose_GT19_34091	47380311	202	42171106	2707551	168315	0.01261	0.87449	0.99463
DO104_M_17_Adipose_GT19_34012	52866828	202	47308183	2986447	192433	0.016503	0.886114	0.994433
DO267_F_19_Adipose_GT19_34263	48279534	202	41505769	4090997	190384	0.02044	0.862971	0.993544
DO048_F_17_Adipose_GT19_34135	46073975	202	40743411	2393831	182340	0.027357	0.851915	0.994167
DO189_M_18_Adipose_GT19_34161	56469080	202	50185237	3029417	309165	0.021683	0.856357	0.994474
DO210_M_18_Adipose_GT19_34252	54427193	202	48655196	2648079	212806	0.053079	0.81129	0.995084
DO292_M_19_Adipose_GT19_34176	55555557	202	49936279	2970414	217796	0.032552	0.84569	0.994392
DO553_M_23_Adipose_GT19_34031	48505534	202	43002239	2457346	182459	0.030567	0.860418	0.994802
DO505_F_23_Adipose_GT19_34047	49882837	202	43461524	4198307	183639	0.00698	0.896011	0.993864
DO168_F_18_Adipose_GT19_33824	54902903	202	47262326	4038410	296003	0.031464	0.829608	0.994395
