SampleID	input_read_count	avg_read_len	unique_mapping_read_count	reads_mapped_to_multiple_loci	reads_mapped_to_too_many_loci	prop_ribosomal	prop_usable_bases	prop_correct_strand_reads
DO267_F_19_Liver_GT19_33343	47007534	202	41422192	3067011	475768	0.021189	0.872341	0.995668
DO549_M_23_Liver_GT19_33458	39361794	202	28092157	3435028	1205116	0.026633	0.861322	0.994764
DO034_F_17_Liver_GT19-33502_AGCTATAT-CGTTAGGA	41124163	202	35679638	2837957	305164	0.022929	0.86482	0.993943
DO463_F_23_Liver_GT19-33654_TTGCCATC-ACGCGTCA	44383514	202	38588396	2837391	296595	0.044948	0.824282	0.994081
DO373_M_21_Liver_GT19_33368	48083793	202	39837802	3647880	611748	0.016442	0.867054	0.994101
DO537_M_23_Liver_GT19_33299	38677114	202	32066872	2821095	695228	0.00886	0.897863	0.996055
DO487_F_23_Liver_GT19_33294	45469889	202	40240952	2667395	403899	0.01381	0.888167	0.995812
DO352_F_21_Liver_GT19_33289	43781182	202	39932936	2418936	261441	0.007053	0.88498	0.995954
DO281_M_19_Liver_GT19-33721_ATCAGCTA-AACTTGCC	58063657	202	47806957	4024944	820212	0.023555	0.868881	0.994861
DO366_F_21_Liver_GT19_33601	32247257	202	28163654	2197266	206116	0.031641	0.824935	0.994018
DO412_M_21_Liver_GT19-33731_TCTCGCTA-AACGACCG	56151582	202	45477905	3620827	684875	0.049014	0.815088	0.994753
DO176_M_18_Liver_GT19_33367	55366591	202	40073021	5148926	1639295	0.016728	0.869128	0.994203
DO101_M_17_Liver_GT19-33688_ATGAAGGA-GTTGAATG	52818569	202	44405626	3559458	570621	0.036607	0.848223	0.99445
DO303_M_19_Liver_GT19_33438	42044836	202	32912457	3379694	761122	0.027038	0.858316	0.994221
DO540_M_23_Liver_GT19_33362	53709729	202	44972248	3701052	957473	0.031651	0.853162	0.996119
DO541_M_23_Liver_GT19_33315	45595968	202	37503143	3238463	1010455	0.032066	0.861595	0.996215
DO499_F_23_Liver_GT19_33605	41138740	202	35664394	2629004	282874	0.041544	0.827707	0.994406
DO519_M_23_Liver_GT19_33382	51206757	202	43252141	3467865	603473	0.014085	0.884751	0.994864
DO547_M_23_Liver_GT19_33357	52195665	202	39881469	4513095	1217049	0.05266	0.814916	0.993939
DO337_F_21_Liver_GT19_33574	59912226	202	52043849	4155303	525830	0.030898	0.838838	0.994108
DO508_F_23_Liver_GT19-33493_AGCGCTCG-CGGCTTGT	55731837	202	49340538	3533659	265525	0.018861	0.881051	0.994256
DO049_F_17_Liver_GT19_33440	43231913	202	35436288	3133160	353264	0.038966	0.827479	0.993515
DO346_F_21_Liver_GT19_33308	34411097	202	29168696	2196975	295631	0.031378	0.838192	0.994374
DO263_F_19_Liver_GT19_33448	39659593	202	33746711	2742392	403618	0.016406	0.866274	0.994681
DO270_F_19_Liver_GT19_33295	48795266	202	44273297	2952814	351328	0.013518	0.887482	0.995381
DO268_F_19_Liver_GT19-33547_TATACATC-AATCTGAA	37089144	202	31245498	2618576	384946	0.01569	0.877674	0.994388
DO152_F_18_Liver_GT19-33467_TTGATAAT-GTGACCAT	58807741	202	49906334	3913968	388106	0.020536	0.868194	0.993315
DO496_F_23_Liver_GT19_33300	39137964	202	35619345	2171383	183534	0.01806	0.888918	0.996364
DO313_M_19_Liver_GT19-33727_ATACATGA-GTCGTCGG	55534471	202	46918737	4121440	743157	0.019016	0.87471	0.994676
DO556_M_23_Liver_GT19_33312	48864820	202	42715659	2898174	424111	0.042784	0.844698	0.995828
DO372_M_21_Liver_GT19-33549_GAATTACG-CAAGGAGA	36918213	202	29637162	2835905	698056	0.013234	0.885474	0.994281
DO032_F_17_Liver_GT19_33456	50123915	202	43217841	3329836	345288	0.025587	0.864343	0.994064
DO073_M_17_Liver_GT19_33437	36518278	202	29432340	2684104	633039	0.037147	0.839104	0.994292
DO272_M_19_Liver_GT19_33409	42877907	202	33390434	3549989	948693	0.020166	0.86719	0.994377
DO050_F_17_Liver_GT19-33626_ACTCCTCC-GGTGAGAT	46753974	202	40238437	3104294	313683	0.037435	0.84273	0.993795
DO054_F_17_Liver_GT19_33332	52345897	202	46165308	3257631	566398	0.017237	0.875626	0.996261
DO295_M_19_Liver_GT19-33733_TCTAATGC-AACGTCAA	47828887	202	39278572	3288212	721184	0.036197	0.840508	0.994331
DO311_M_19_Liver_GT19_33446	37114860	202	29692254	2550808	613322	0.033781	0.848535	0.994539
DO030_F_17_Liver_GT19_33310	43670596	202	39120910	2645697	274883	0.052745	0.839936	0.996264
DO085_M_17_Liver_GT19-33696_ATGTATTA-GTTAATGA	56762585	202	45565777	4126455	957529	0.043096	0.83592	0.994558
DO140_F_18_Liver_GT19_33417	50536963	202	43398899	3346595	508930	0.022191	0.860904	0.995148
DO314_M_19_Liver_GT19_33340	53837363	202	44030987	3873314	950535	0.038559	0.842581	0.995282
DO141_F_18_Liver_GT19_33411	49605551	202	43116357	3129724	298205	0.030091	0.851608	0.9949
DO553_M_23_Liver_GT19_33568	43163808	202	35723634	3143582	656835	0.012038	0.886416	0.994877
DO129_F_18_Liver_GT19-33466_ACAGAAGC-GTCATAGC	45799270	202	39427966	3313222	277595	0.016099	0.877398	0.993547
DO106_M_17_Liver_GT19_33277	51752553	202	40700163	4250431	1378761	0.01268	0.888131	0.995193
DO222_F_19_Liver_GT19-33659_ATACCTAT-CACGAATT	49695450	202	42354927	3351699	355539	0.050456	0.795052	0.994071
DO164_F_18_Liver_GT19-33552_AGTATGTC-GGTCAGTA	45980567	202	39794988	3090119	294092	0.04029	0.814841	0.993218
DO123	39435510	202	32208777	2831029	405397	0.06777	0.793157	0.993734
DO064_F_17_Liver_GT19-33676_TACATCCT-CAACGCAT	55147837	202	46235552	3572220	549106	0.051372	0.813151	0.993855
DO258_F_19_Liver_GT19_33460	51169627	202	42992813	3620486	442214	0.026038	0.858756	0.993946
DO059_F_17_Liver_GT19_33338	39185687	202	33369753	2780317	279659	0.042446	0.82786	0.994042
DO221_F_19_Liver_GT19_33444	56857997	202	48460598	3917148	415236	0.031998	0.849375	0.995971
DO390_M_21_Liver_GT19-33517_TCCTTGCG-CGCATGTG	38435974	202	29807741	3049924	796461	0.026775	0.834988	0.994354
DO293_M_19_Liver_GT19-33701_ATGTGATT-CGTTACTT	52346292	202	42370685	3796321	635976	0.048091	0.806799	0.992636
DO037_F_17_Liver_GT19_33341	49331219	202	43348453	3146307	238031	0.042096	0.843968	0.993834
DO146	92366700	202	82135548	6042913	540254	0.046374	0.833567	0.994446
DO532_M_23_Liver_GT19-33515_AGGTCAAG-CGCGTTAT	35461106	202	26423679	2783134	951930	0.021021	0.869588	0.994691
DO301_M_19_Liver_GT19-33658_TCTTCCGA-GGTTACAA	32258548	202	25879795	2509113	517339	0.030729	0.840841	0.993777
DO336_F_21_Liver_GT19_33339	57817606	202	50840745	3422653	519375	0.018652	0.881298	0.996508
DO477_F_23_Liver_GT19_33573	43902561	202	37934020	3133509	350777	0.030834	0.840429	0.993702
DO090_M_17_Liver_GT19-33711_TCCAACGG-CGCTCGCA	53831366	202	42800229	4531752	995622	0.030196	0.854092	0.994378
DO118_M_17_Liver_GT19_33349	49480104	202	39759797	3925782	935505	0.047028	0.832315	0.995391
DO057_F_17_Liver_GT19-33507_AGGCGAAT-GCGTCCTC	51801322	202	44407041	3540720	446765	0.034314	0.841933	0.993775
DO207_M_18_Liver_GT19-33535_TATACCAT-AATGCCAC	49086843	202	37681772	4063064	1022206	0.00618	0.88273	0.993864
DO096_M_17_Liver_GT19-33516_TACACTGG-GCTCAATC	37938148	202	30132344	2849208	635560	0.032254	0.856878	0.993753
DO042_F_17_Liver_GT19-33687_ATGAATAT-CCACTTAA	71869566	202	61717939	4947681	632199	0.02938	0.849115	0.994025
DO523_M_23_Liver_GT19_33604	41413125	202	33755466	2995561	636826	0.024693	0.864695	0.994652
DO285_M_19_Liver_GT19_33379	45485606	202	37101356	3534649	628065	0.033342	0.835898	0.994143
DO507_F_23_Liver_GT19-33497_AGCTTGGT-CGGCACGA	44669269	202	38430787	3192662	272757	0.039009	0.827722	0.993357
DO305_M_19_Liver_GT19-33489_ACAATGCC-CGTCCTTA	52254603	202	42406000	4327805	939693	0.022602	0.854147	0.99363
DO114	54331241	202	43356887	4196155	970957	0.035935	0.838644	0.994285
DO186_M_18_Liver_GT19-33499_ATAACGAC-AATGGCCT	43026059	202	33854357	3760044	856905	0.022012	0.868595	0.99332
DO368_F_21_Liver_GT19-33464_TCGTACCG-GGAAGTGG	55894139	202	47953969	3967971	405225	0.006519	0.871477	0.993467
DO371_M_21_Liver_GT19_33612	41335543	202	34051929	2788380	477431	0.040013	0.815381	0.994545
DO219_M_18_Liver_GT19-33476_TCTTACTC-GTCACAAG	41860501	202	32368613	3484946	863096	0.016921	0.871986	0.993517
DO481_F_23_Liver_GT19_33435	39058294	202	34212301	2405733	231394	0.039096	0.836008	0.995553
DO410_M_21_Liver_GT19_33325	25953598	202	22223544	1693393	376902	0.040063	0.831748	0.995496
DO067_F_17_Liver_GT19-33634_TGAATGCG-CCATATCG	44550172	202	38101997	3264517	331263	0.029309	0.850812	0.993748
DO161_F_18_Liver_GT19-33714_TCACGTGA-GTGTGCGG	52480491	202	44302595	3462961	343877	0.081065	0.754515	0.99452
DO241_F_19_Liver_GT19-33667_ATAGATCT-CCTATGCG	39721351	202	34222086	2532468	245579	0.041744	0.830921	0.994175
DO156_F_18_Liver_GT19-33475_ATAAGGCT-AATGTGGC	53066521	202	44505161	3376554	476954	0.030678	0.850264	0.994009
DO420_M_21_Liver_GT19_33433	50519420	202	40993076	3774963	813719	0.026307	0.849468	0.994543
DO097_M_17_Liver_GT19-33546_AGTACGCG-GGCAATAA	30394570	202	23116338	2437860	695105	0.021441	0.858682	0.993729
DO396_M_21_Liver_GT19_33342	37232210	202	29828702	2841142	700566	0.056935	0.796519	0.993312
DO468_F_23_Liver_GT19_33348	43586636	202	38759911	2624794	391330	0.014572	0.884634	0.9963
DO292_M_19_Liver_GT19-33685_TAAGCTAC-CAATCCGT	52908373	202	43172108	3920813	701265	0.049309	0.817881	0.99405
DO383_M_21_Liver_GT19_33324	44754546	202	37939225	2987209	656331	0.029341	0.866111	0.99578
DO225_F_19_Liver_GT19-33656_GATAGGAT-GTCGGATA	51498487	202	43343933	3665053	454913	0.062222	0.779636	0.993517
DO167_F_18_Liver_GT19-33743_AGAATTCA-TGTGCAAT	37846058	202	32855208	2886482	200588	0.014735	0.879922	0.993756
DO378_M_21_Liver_GT19-33679_ATAGTCTG-GCATTGCA	50352458	202	41025319	3489864	592350	0.028249	0.838374	0.993792
DO128_F_18_Liver_GT19-33629_TGCAGTCG-CTGTAGTG	39562329	202	33900879	2969136	233472	0.042398	0.822779	0.99379
DO027_F_17_Liver_GT19_33461	54479091	202	45432535	3756682	599185	0.043941	0.82785	0.993928
DO287_M_19_Liver_GT19_33567	46888512	202	38141133	3746569	745643	0.01095	0.879571	0.994414
DO398_M_21_Liver_GT19_33595	54971318	202	42995848	4078469	1119979	0.049228	0.802746	0.994518
DO111_M_17_Liver_GT19-33477_ACATGATA-CGTAGATA	47088435	202	39032524	3443548	536132	0.014984	0.880524	0.993924
DO517_M_23_Liver_GT19_33413	40076515	202	31853793	2947191	724620	0.041789	0.830044	0.99419
DO102_M_17_Liver_GT19-33482_ACAACCGC-CACATACC	46289861	202	38073131	3361959	626770	0.016566	0.883643	0.993956
DO539_M_23_Liver_GT19-33633_ACTTCCTG-AGTCGCGA	48157604	202	41263371	3151656	409607	0.022866	0.859052	0.994662
DO490_F_23_Liver_GT19_33621	42214653	202	35283710	3025470	406705	0.040998	0.826757	0.994133
DO550_M_23_Liver_GT19_33314	44324143	202	36453946	3188292	1010727	0.01087	0.883845	0.995528
DO224_F_19_Liver_GT19-33712_GAACAGAA-GAGATAGT	50031090	202	41502099	3696237	563763	0.055616	0.80982	0.994355
DO388_M_21_Liver_GT19_33275	50466074	202	38550390	4309971	1270723	0.058522	0.786679	0.994385
DO402_M_21_Liver_GT19_33560	42709993	202	36142524	3150469	448265	0.048256	0.810227	0.993881
DO329_F_21_Liver_GT19_33442	38145217	202	31393612	2759586	396900	0.022817	0.859135	0.99509
DO327_F_21_Liver_GT19-33646_TTGTGTTC-AGATGTGA	45456195	202	39693855	2835890	306503	0.060843	0.79439	0.993792
DO479_F_23_Liver_GT19_33606	44558108	202	38750289	3191678	236311	0.036504	0.833341	0.994252
DO031_F_17_Liver_GT19-33556_TCTAGAGA-GGTTCTTG	41891397	202	36472950	2705501	349367	0.027213	0.856325	0.994308
DO028_F_17_Liver_GT19-33510_GACTGGCG-GCGACTGA	47203753	202	39106990	3114439	502180	0.046007	0.829584	0.993354
DO355_F_21_Liver_GT19_33594	47000533	202	39227541	3296388	668536	0.028897	0.844407	0.994888
DO392_M_21_Liver_GT19-33637_TGAGATCG-TCAGTTGC	39341694	202	29859948	2987227	1037652	0.060809	0.793765	0.994474
DO235_F_19_Liver_GT19-33747_AGAAGCTT-TGTTAGTG	71343859	202	61212378	4998140	573183	0.028949	0.864095	0.994359
DO254_F_19_Liver_GT19-33699_ATGTTGAG-CTTGCGTA	48848427	202	42437009	2782755	335220	0.037345	0.835731	0.994973
DO236_F_19_Liver_GT19_33439	58386176	202	48534602	4464932	584270	0.041725	0.828091	0.994216
DO282_M_19_Liver_GT19_33328	42677167	202	36031362	3085497	697014	0.011059	0.891327	0.995721
DO099_M_17_Liver_GT19_33397	68101160	202	54387667	5103803	1332154	0.050606	0.8083	0.994482
DO353_F_21_Liver_GT19-33652_TTGCAGTA-AGCCAACA	43590054	202	37736234	2956488	341509	0.023835	0.8531	0.994331
DO557_M_23_Liver_GT19_33586	42616297	202	34833785	3068804	535887	0.040722	0.820224	0.99362
DO417_M_21_Liver_GT19_33298	48565368	202	41018580	3348016	583598	0.062583	0.788586	0.995708
DO239_F_19_Liver_GT19_33333	44724653	202	40199549	2475729	308220	0.035638	0.85381	0.995704
DO087_M_17_Liver_GT19-33650_TTGCTTAA-TCGGCGTT	39759297	202	29583097	3247929	1087295	0.043291	0.829564	0.994478
DO399_M_21_Liver_GT19_33590	38277427	202	30271251	2989190	796238	0.044621	0.816606	0.994667
DO408_M_21_Liver_GT19_33598	43353971	202	34393680	3635766	785935	0.034279	0.834126	0.994825
DO197_M_18_Liver_GT19_33393	49779427	202	40194178	3931712	928386	0.039669	0.839983	0.994599
DO220_M_18_Liver_GT19_33447	42098744	202	32822750	3632994	774942	0.021536	0.856581	0.994303
DO309_M_19_Liver_GT19-33511_ATATATAC-AATGCTTG	41246124	202	33790942	3336017	545782	0.008242	0.88664	0.993477
DO088_M_17_Liver_GT19-33551_TACTAACG-CAAGTAAT	53706278	202	43666279	4314051	786042	0.009904	0.895244	0.993747
DO365_F_21_Liver_GT19-33700_TAACCAGA-GACCGAAT	47578535	202	40406188	2892146	411321	0.040549	0.819974	0.994931
DO322_F_21_Liver_GT19-33651_ACAGCCTT-CACACGCG	56081520	202	50106659	3399492	317998	0.018382	0.879646	0.995911
DO251_F_19_Liver_GT19_33287	50642544	202	45498039	3404491	361476	0.009157	0.897334	0.995325
DO230_F_19_Liver_GT19_33344	65054112	202	57640048	3831866	690624	0.026744	0.870048	0.995918
DO094_M_17_Liver_GT19_33418	44393618	202	35443281	3268529	889213	0.025796	0.860478	0.994701
DO411	82931600	202	66355821	6938615	1203919	0.037683	0.827011	0.993904
DO342_F_21_Liver_GT19-33716_TATGTTGG-TGGACACA	52128095	202	45412690	3158728	368508	0.036022	0.845732	0.994802
DO023_F_17_Liver_GT19_33351	55132976	202	49370368	3293576	403124	0.012148	0.885354	0.996173
DO112_M_17_Liver_GT19_33619	39521691	202	31319459	3227305	689560	0.052195	0.80449	0.993469
DO188_M_18_Liver_GT19_33403	41851955	202	32800798	3027247	709122	0.030845	0.854393	0.99388
DO513_M_23_Liver_GT19-33505_AGGCCTGA-CTCGGTCA	40925806	202	31485210	3379370	873170	0.030483	0.851994	0.993835
DO047_F_17_Liver_GT19-33520_AGGATATT-GCTGTCTC	41792479	202	35740441	2866892	357885	0.031692	0.843277	0.994532
DO307_M_19_Liver_GT19_33293	42631358	202	35446486	3089935	746319	0.022727	0.870197	0.993865
DO038_F_17_Liver_GT19_33416	51749834	202	44661242	3285069	457106	0.017722	0.883032	0.995224
DO184_M_18_Liver_GT19_33585	49785442	202	40123733	4032879	798849	0.026156	0.859229	0.994736
DO389_M_21_Liver_GT19_33279	46767111	202	40923349	3162176	494084	0.021805	0.866677	0.994212
DO413_M_21_Liver_GT19_33421	37559121	202	30222494	2563389	546719	0.037724	0.831349	0.994395
DO100_M_17_Liver_GT19_33304	43195268	202	36660426	3069875	624208	0.02692	0.869181	0.995411
DO145_F_18_Liver_GT19-33630_TGCCGTAA-GTGCATCC	54144418	202	47004823	3684279	336024	0.056693	0.81153	0.994053
DO093_M_17_Liver_GT19_33321	45649367	202	40102178	2568990	456500	0.02059	0.891979	0.996508
DO465_F_23_Liver_GT19-33540_TCAATTAT-CCTGAAGG	40371339	202	34645213	2951009	256447	0.01974	0.875161	0.994541
DO232_F_19_Liver_GT19_33600	36635964	202	31446032	2571140	284675	0.034797	0.837311	0.994007
DO095_M_17_Liver_GT19_33431	67571562	202	53313484	5291500	1353848	0.01653	0.874236	0.994571
DO033_F_17_Liver_GT19-33631_AACAGTTG-AATTCACT	58909391	202	49765634	4388732	595149	0.017041	0.859729	0.995
DO555_M_23_Liver_GT19_33423	44042008	202	37058882	3076905	492843	0.023897	0.868624	0.994718
DO319_M_19_Liver_GT19-33669_ATTACAAT-GGATTGTT	44090591	202	35397361	3345163	613856	0.045226	0.829358	0.993864
DO130_F_18_Liver_GT19-33644_TGGTGTCT-TTCATCTG	40198273	202	35351478	2665938	198008	0.040407	0.835192	0.994219
DO544_M_23_Liver_GT19-33672_TAACTAAG-CAAGACTC	53325453	202	47268902	3048900	318434	0.025066	0.88029	0.995127
DO403_M_21_Liver_GT19-33713_ATGGCCAG-AACACTAC	50007708	202	40006431	3529770	716312	0.036275	0.837208	0.994968
DO380_M_21_Liver_GT19_33365	49962990	202	42312321	3167526	769157	0.015201	0.878786	0.996618
DO022_F_17_Liver_GT19_33347	59499673	202	50847131	4145429	682667	0.021498	0.878119	0.994802
DO190_M_18_Liver_GT19-33501_TGATCTAA-TTAACCTC	39598882	202	32139696	2925619	560471	0.063553	0.785376	0.993914
DO288_M_19_Liver_GT19_33355	59479291	202	49758131	4178377	779837	0.047216	0.826971	0.995777
DO168_F_18_Liver_GT19_33453	35559912	202	31199935	2293227	212569	0.021206	0.859778	0.994606
DO332_F_21_Liver_GT19_33620	37641299	202	31556947	2519977	404817	0.026293	0.862919	0.994407
DO358_F_21_Liver_GT19_33274	37378729	202	33295239	2462358	257617	0.008026	0.889166	0.995077
DO543_M_23_Liver_GT19-33689_ATGAACTG-CCAGCAAG	48250905	202	40934207	3360669	453661	0.030058	0.853496	0.994319
DO308_M_19_Liver_GT19_33609	37837734	202	32210011	2916580	306812	0.035739	0.843155	0.993741
DO075_M_17_Liver_GT19_33311	47055731	202	40827402	2915936	559260	0.017002	0.878893	0.996014
DO202_M_18_Liver_GT19-33492_GCTATCGA-GATCTTCC	46719966	202	37519003	3609769	900416	0.020646	0.867117	0.994044
DO259_F_19_Liver_GT19-33725_TCTTGGAA-AACTCAGC	51695791	202	44129043	3638747	486870	0.032375	0.85093	0.994009
DO116_M_17_Liver_GT19-33472_TTGAACGC-GAGATGCC	52928324	202	42167994	4561511	924848	0.011059	0.876469	0.993683
DO476_F_23_Liver_GT19_33371	47252089	202	40479932	3446592	267431	0.029036	0.856258	0.993711
DO133_F_18_Liver_GT19-33488_TATTGTCG-TTCAATTC	49831952	202	42754882	3816393	538178	0.019618	0.862717	0.993936
DO082_M_17_Liver_GT19_33352	50709925	202	42558146	3632006	865042	0.019572	0.88132	0.996199
DO289_M_19_Liver_GT19-33555_ATAGAATA-CAACGACC	48276104	202	39080062	3606242	763735	0.018625	0.878405	0.993979
DO370_F_21_Liver_GT19-33478_TTGCCTCT-TGCGGCTA	53430566	202	46200053	3310128	386228	0.024143	0.8403	0.994569
DO248_F_19_Liver_GT19_33278	42159043	202	37824369	2461443	314897	0.011896	0.880187	0.995342
DO162_F_18_Liver_GT19_33408	42044278	202	35962415	2886758	312201	0.045602	0.832809	0.994309
DO467_F_23_Liver_GT19_33280	50179315	202	43697007	3573322	453275	0.010069	0.887904	0.996397
DO482_F_23_Liver_GT19-33624_ACGATCTA-GCAATATG	50389504	202	41391162	3765049	658560	0.03416	0.842096	0.994416
DO279_M_19_Liver_GT19_33359	52717578	202	45622635	3107386	529307	0.031749	0.869651	0.995989
DO405_M_21_Liver_GT19_33401	49949435	202	40761856	3582281	804452	0.0192	0.86558	0.994583
DO347_F_21_Liver_GT19-33514_TCCAGGTA-GCTCCAGT	45386035	202	38694842	3289652	376627	0.029054	0.847022	0.993973
DO076_M_17_Liver_GT19-33519_TAAGCATT-CGAACTAT	41053613	202	31894320	3308933	851377	0.029168	0.854886	0.994366
DO240_F_19_Liver_GT19-33738_ATCCAGAA-AACCAGTG	51775879	202	44068077	3349783	446654	0.032189	0.846449	0.994729
DO522_M_23_Liver_GT19_33384	56785397	202	44111060	4386777	1080301	0.013885	0.874018	0.994507
DO233_F_19_Liver_GT19-33703_TATCTGTC-TTCGGCAT	56241086	202	48832867	3639945	396541	0.025945	0.858095	0.994911
DO256_F_19_Liver_GT19-33537_GCAAGACA-GCATAGAC	43759309	202	37770223	2941949	291369	0.022667	0.861752	0.993972
DO381_M_21_Liver_GT19-33708_TCAAGCAC-GACTAGGT	64571955	202	53668492	4016853	739040	0.043008	0.819005	0.994729
DO203_M_18_Liver_GT19_33584	37756849	202	31681965	2842809	436194	0.033807	0.848483	0.994488
DO354_F_21_Liver_GT19_33326	39869487	202	35316169	2562719	196256	0.087273	0.760261	0.99289
DO344_F_21_Liver_GT19-33638_ACTAGCTC-CGAGAGTG	45346496	202	39157072	2975217	316401	0.047089	0.81309	0.993687
DO335_F_21_Liver_GT19-33748_GAGTAGCA-TATTCGTA	66571327	202	55163908	4857462	812615	0.032507	0.851418	0.994699
DO237_F_19_Liver_GT19_33283	44806904	202	38596906	2700752	457917	0.03443	0.851614	0.995719
DO462_F_23_Liver_GT19-33649_ACACATTC-CTGTCGGT	42594774	202	36088945	2847461	435076	0.022488	0.862021	0.994613
DO503_F_23_Liver_GT19_33330	42245424	202	37724354	2352605	325148	0.030028	0.855048	0.995962
DO520_M_23_Liver_GT19_33593	50796899	202	40306774	4077310	917703	0.02281	0.860028	0.994189
DO461_F_23_Liver_GT19-33526_TTGTAAGA-GCTTGTGA	37013350	202	32255346	2507916	281435	0.030595	0.838806	0.994068
DO464_F_23_Liver_GT19_33290	46036973	202	40761690	2849213	339243	0.036421	0.848193	0.995311
DO260_F_19_Liver_GT19-33732_ATCTGAAG-TGTCGTGC	55371630	202	47184641	3808821	347463	0.040822	0.821212	0.994417
DO062_F_17_Liver_GT19_33392	44438752	202	38240077	3023133	373516	0.041428	0.820941	0.99471
DO218_M_18_Liver_GT19_33445	34481093	202	27198055	2827549	630621	0.052132	0.800165	0.993962
DO360_F_21_Liver_GT19_33395	51996928	202	44512997	3817308	512014	0.031414	0.838992	0.994582
DO466_F_23_Liver_GT19-33542_TCACCGGC-GGCTTACT	39638341	202	34796198	2601431	249714	0.018805	0.876115	0.994064
DO257_F_19_Liver_GT19-33486_TTGGAATT-AACTGGAA	66712709	202	56259018	4775391	703217	0.021954	0.867027	0.993696
DO058_F_17_Liver_GT19_33430	40344612	202	34387738	2946817	302915	0.05538	0.809341	0.993863
DO214_M_18_Liver_GT19_33599	47899159	202	37888936	3238239	728746	0.022882	0.876676	0.993983
DO278_M_19_Liver_GT19_33583	56365075	202	45683386	4300287	898816	0.027337	0.854144	0.994097
DO478_F_23_Liver_GT19_33376	46959235	202	38689578	3815064	568945	0.025904	0.859292	0.994384
DO069_F_17_Liver_GT19-33734_GATAGCGC-TGTAAGGT	50917133	202	44371841	2951992	470182	0.036751	0.847845	0.993778
DO154_F_18_Liver_GT19-33735_TATAGTGT-AACGGATC	69486414	202	60188965	4866811	529659	0.026385	0.860491	0.99448
DO534_M_23_Liver_GT19-33723_GAGTTCTG-AACTTCGG	56538104	202	44289852	3976822	970086	0.055647	0.812088	0.994442
DO103_M_17_Liver_GT19_33282	38193568	202	30446904	2736971	745298	0.008573	0.885877	0.995399
DO276_M_19_Liver_GT19-33639_TTATCAAC-CGAGTACG	46572195	202	37657934	3778261	805525	0.012676	0.883571	0.994454
DO367_F_21_Liver_GT19_33369	50367555	202	42806178	3829139	350121	0.03253	0.833472	0.993503
DO151_F_18_Liver_GT19-33643_AACACATA-AATTCTAA	39955285	202	33825304	2926653	361288	0.048925	0.816488	0.993441
DO384_M_21_Liver_GT19_33361	54882481	202	49003936	3106217	479187	0.008344	0.909686	0.996501
DO493_F_23_Liver_GT19-33463_ATAATGTA-AATGAACC	52418651	202	43843686	4274954	407241	0.030795	0.828339	0.992992
DO320_M_19_Liver_GT19_33577	56211838	202	45824167	4560510	1198114	0.025113	0.849492	0.994299
DO473_F_23_Liver_GT19-33684_ATTCGATG-GTGATCTC	53339495	202	46472117	3202528	326052	0.037275	0.839754	0.994082
DO474_F_23_Liver_GT19-33636_ACTACTTA-CGTGTCTA	53694010	202	45721266	3933476	433571	0.030574	0.850738	0.994287
DO339_F_21_Liver_GT19_33318	50439655	202	43931775	3151852	495430	0.038643	0.843526	0.995712
DO253_F_19_Liver_GT19_33391	55842756	202	48769545	3816168	356280	0.015189	0.88901	0.994541
DO492_F_23_Liver_GT19_33571	42962449	202	37087460	2962376	340105	0.026748	0.850546	0.994196
DO356_F_21_Liver_GT19-33675_ATTGCTGA-GTGCTCAG	59531576	202	51233941	4110253	498488	0.024782	0.853229	0.99446
DO531_M_23_Liver_GT19-33530_AGTGGTCA-GCACATCA	35146669	202	28424600	2458996	504783	0.055684	0.809305	0.994599
DO364_F_21_Liver_GT19_33385	56208706	202	49119728	3497275	338409	0.015285	0.873065	0.994255
DO041_F_17_Liver_GT19-33728_TATTGAAT-CCGACGCA	61091487	202	52422971	4111305	431699	0.099836	0.742915	0.992878
DO105_M_17_Liver_GT19-33697_ATGTACCT-CATACCTA	65631532	202	52796331	4322528	759161	0.054047	0.799114	0.994165
DO315_M_19_Liver_GT19_33291	39983838	202	33156388	2771787	780083	0.016069	0.884985	0.996255
DO326_F_21_Liver_GT19_33569	54116500	202	47776329	3709471	341207	0.022527	0.863697	0.99451
DO143_F_18_Liver_GT19_33271	60826313	202	53158701	4271369	583577	0.013621	0.877081	0.994421
DO502_F_23_Liver_GT19_33398	48017255	202	41175053	3026276	263576	0.026023	0.858452	0.994425
DO274_M_19_Liver_GT19-33726_ATCTAATC-TGTATTCT	57397679	202	47619710	3942450	706841	0.04226	0.823301	0.994865
DO275_M_19_Liver_GT19_33305	51224421	202	41083047	4093424	1208771	0.010121	0.876016	0.994946
DO053_F_17_Liver_GT19_33565	46660677	202	40571790	3277604	379105	0.026419	0.856364	0.993809
DO175_M_18_Liver_GT19_33301	38014329	202	32504686	2438468	484054	0.02363	0.87906	0.995518
DO187_M_18_Liver_GT19_33436	36052589	202	29843219	2669545	375381	0.047634	0.815464	0.994115
DO226_F_19_Liver_GT19_33400	32550141	202	27209034	2487605	274249	0.036651	0.835512	0.994349
DO536_M_23_Liver_GT19-33545_TACGTCTC-CATGTCGT	32125233	202	26722208	2373482	351549	0.023008	0.87294	0.993792
DO074_M_17_Liver_GT19_33559	60999072	202	48737491	5181938	1096200	0.012362	0.882323	0.993526
DO404_M_21_Liver_GT19_33607	45653301	202	38463896	3623855	532826	0.030192	0.857196	0.994492
DO538_M_23_Liver_GT19_33303	43672711	202	38515123	2815795	404174	0.008165	0.891957	0.995841
DO362_F_21_Liver_GT19-33474_TGGCAGAG-GGCTCGAC	30594297	202	26354459	2041893	171013	0.024865	0.846315	0.993573
DO216_M_18_Liver_GT19-33523_ATATTACA-AATGCGCA	38861033	202	30919809	2963605	610775	0.016954	0.872653	0.994515
DO343_F_21_Liver_GT19_33592	36142608	202	28268776	2597493	167460	0.19164	0.404004	0.993429
DO401_M_21_Liver_GT19-33648_GGTGTCCG-CAGCGTCT	39340852	202	32189727	2773509	526969	0.033157	0.827684	0.994432
DO324_F_21_Liver_GT19_33412	50274120	202	43143909	3123652	332462	0.044725	0.819955	0.995128
DO330_F_21_Liver_GT19-33666_ATTAGACA-CCGCCAAC	45682685	202	37702449	3048174	524842	0.040031	0.847086	0.99488
DO533_M_23_Liver_GT19-33653_ACAGGCAG-AGCAAGTT	43492561	202	35428259	3117413	615707	0.037291	0.845648	0.99403
DO393_M_21_Liver_GT19-33642_TGGTATGG-CTTCGCTC	48429915	202	39184977	3504943	777822	0.039276	0.835087	0.995075
DO486_F_23_Liver_GT19-33691_ATAGGAAT-CCAGGCTA	64848062	202	56460546	4078678	441789	0.035268	0.834487	0.994229
DO280_M_19_Liver_GT19_33402	37256825	202	28696877	3150513	781054	0.026521	0.854747	0.994111
DO179	60308095	202	48836479	4303176	822636	0.016748	0.876054	0.993654
DO081_M_17_Liver_GT19_33273	34095519	202	28729916	2579160	485162	0.015162	0.874733	0.994986
DO189_M_18_Liver_GT19-33655_ATATCCTA-AATAATAG	54478428	202	44793631	4262915	940331	0.015908	0.87256	0.994101
DO104_M_17_Liver_GT19_33331	42812581	202	35343022	3463356	541327	0.030938	0.84859	0.993399
DO286_M_19_Liver_GT19_33441	56138032	202	44587570	4613962	1144532	0.018525	0.866373	0.994756
DO026_F_17_Liver_GT19-33661_TAATTAGT-CAGGACCT	53221337	202	45815676	3563841	439736	0.044353	0.825791	0.994207
DO172_M_18_Liver_GT19_33307	48036365	202	39507621	3336930	935358	0.019328	0.878941	0.995641
DO165_F_18_Liver_GT19_33353	44659252	202	40273547	2482509	289044	0.018449	0.88822	0.996234
DO510_F_23_Liver_GT19-33704_AGATAACT-CCGAAGGC	60752298	202	52513931	3637646	532740	0.053408	0.820543	0.995322
DO529_M_23_Liver_GT19-33750_GCTTGGTG-TAGTCCAA	68751725	202	56018025	4827428	1142384	0.04354	0.828672	0.99438
DO051_F_17_Liver_GT19_33414	41523134	202	34674615	2656324	425247	0.040067	0.839212	0.994277
DO191_F_18_Liver_GT19-33705_ATGTGGCA-GACCATGA	54774486	202	47491989	3708135	364788	0.06673	0.795246	0.994498
DO489_F_23_Liver_GT19_33580	53130140	202	46231168	4066341	294043	0.03865	0.828176	0.993819
DO340_F_21_Liver_GT19-33538_TACAGGCC-CATTCGCC	39890527	202	33893338	2898442	276255	0.032344	0.849851	0.993222
DO155_F_18_Liver_GT19_33297	43906694	202	37764040	2811474	573633	0.024158	0.863529	0.995605
DO183_M_18_Liver_GT19-33533_GAACCTTA-CTGAGTCC	38318118	202	31167733	2724533	473158	0.055295	0.800465	0.993962
DO200_M_18_Liver_GT19-33500_GATGGAGT-TTCCAGGC	47742808	202	38254109	3517556	728487	0.070467	0.783394	0.994078
DO231_F_19_Liver_GT19-33693_GAATAGTG-CACTTCCA	51944859	202	45206568	3358327	374905	0.051252	0.820861	0.994316
DO137_F_18_Liver_GT19-33702_TAACAGCC-GACCTGAC	50710708	202	44125433	3141087	308592	0.06721	0.787925	0.994045
DO199_M_18_Liver_GT19_33390	46715954	202	37651613	3341607	775379	0.032711	0.835139	0.993932
DO376_M_21_Liver_GT19_33407	35020299	202	29355445	2456523	428966	0.015462	0.872407	0.995147
DO545_M_23_Liver_GT19_33335	44083842	202	37566609	2867943	592086	0.010863	0.904223	0.995022
DO501_F_23_Liver_GT19-33736_TATCAAGC-TTGAATCG	73145239	202	63218435	4585683	695357	0.023919	0.865565	0.994778
DO416_M_21_Liver_GT19-33745_GAGTCAGA-TTGGATAC	54170547	202	45577089	3984074	634260	0.05665	0.803424	0.993852
DO091_M_17_Liver_GT19-33641_AAGGTAGG-CCATCGCT	41982023	202	33042805	3533315	822794	0.02404	0.865213	0.994225
DO181_M_18_Liver_GT19_33618	35429966	202	28079353	2798890	624769	0.045494	0.817092	0.993779
DO217_M_18_Liver_GT19_33424	45083333	202	36687270	3286765	600558	0.024941	0.864649	0.994977
DO178_M_18_Liver_GT19-33541_AGTTCATA-GGCCTTCA	44615521	202	36513551	2966918	531828	0.037846	0.844345	0.99401
DO273_M_19_Liver_GT19-33471_ACATCACC-GTTCTGGA	43161677	202	34894369	3484870	633823	0.010062	0.878973	0.993654
DO514_M_23_Liver_GT19_33336	43826871	202	36501172	3302825	729365	0.008503	0.888133	0.994848
DO277_M_19_Liver_GT19-33625_TGCTGAGG-CGCAACGT	41776682	202	34910375	2948471	472908	0.026169	0.851302	0.99452
DO530_M_23_Liver_GT19-33682_TAAGAAGG-AATCACTC	54678707	202	47035078	3404522	417338	0.034146	0.852293	0.993904
DO046_F_17_Liver_GT19-33722_ATCACGCA-GTGCACGT	60089833	202	50748048	3794117	484534	0.05928	0.798673	0.99464
DO144_F_18_Liver_GT19-33557_ATAGGCCA-CAACATAC	45629003	202	39223231	3332182	329201	0.019962	0.870571	0.99385
DO524_M_23_Liver_GT19_33360	63588146	202	55183982	3646267	826968	0.016542	0.89896	0.996487
DO238_F_19_Liver_GT19-33532_AGTGTGAG-GCAGGTAT	32576047	202	28521575	2132862	188186	0.023199	0.871887	0.99363
DO228_F_19_Liver_GT19-33710_ATGGTTCA-GACAGCTT	44069635	202	37117931	3013101	443608	0.065485	0.785226	0.994285
DO348_F_21_Liver_GT19_33622	39743341	202	33021018	2923696	436444	0.038515	0.803137	0.994299
DO349_F_21_Liver_GT19_33372	39434415	202	33623088	2697538	325615	0.019632	0.847412	0.993816
DO204_M_18_Liver_GT19_33597	46286390	202	36533037	3844999	807486	0.033982	0.83297	0.994462
DO065_F_17_Liver_GT19_33296	42851587	202	38207368	2811213	309243	0.035723	0.857219	0.995126
DO469_F_23_Liver_GT19_33363	47579302	202	42033744	2680752	321793	0.011684	0.896601	0.996462
DO294_M_19_Liver_GT19-33518_AGGACCTC-GCTGCCAA	36965286	202	30819361	2671385	494434	0.018024	0.869834	0.994249
DO527_M_23_Liver_GT19_33337	62411049	202	52627011	4397943	1137653	0.017047	0.885646	0.996047
DO244_F_19_Liver_GT19-33673_ATTGACAA-GTGCGGCG	61093708	202	53601878	3809535	423322	0.018326	0.869797	0.994593
DO498_F_23_Liver_GT19-33531_TACAATAT-CTTCAATA	37044256	202	32697189	2287476	212058	0.013531	0.890387	0.994892
DO166_F_18_Liver_GT19-33513_AGGCAAGC-CTCTGGAC	39684053	202	34154533	2737365	214817	0.085011	0.787355	0.993573
DO475_F_23_Liver_GT19_33610	39764198	202	34839250	2592198	281316	0.030485	0.848142	0.994183
DO271_M_19_Liver_GT19_33615	47444252	202	41436553	3358865	246943	0.034316	0.849915	0.993745
DO387_M_21_Liver_GT19_33420	40900787	202	33002198	2795027	647042	0.037989	0.837878	0.995155
DO205_M_18_Liver_GT19-33665_TAATATAG-CAGCTTAG	44163886	202	35958696	3103544	618911	0.047196	0.828027	0.994277
DO397_M_21_Liver_GT19_33319	38860529	202	33142491	2636925	629940	0.021567	0.868938	0.995599
DO369_F_21_Liver_GT19_33562	41879570	202	35818362	2872081	347537	0.026076	0.836061	0.9942
DO297_M_19_Liver_GT19_33354	59492504	202	47627293	4395318	1422723	0.009532	0.894816	0.996672
DO472_F_23_Liver_GT19-33724_ATCACCGT-TGTACGAA	56322831	202	49267808	3539145	344704	0.038346	0.832895	0.994813
DO159_F_18_Liver_GT19_33570	49706626	202	43320793	3445111	470490	0.031947	0.846454	0.994451
DO212_M_18_Liver_GT19_33617	39577392	202	33694599	2691268	431566	0.021744	0.860256	0.994957
DO126_F_18_Liver_GT19_33614	86098478	202	73823104	6201405	617055	0.049626	0.810082	0.99361
DO551_M_23_Liver_GT19-33709_ATGGTAAC-CGGTAGAC	46268965	202	39072293	3264896	549763	0.039638	0.834931	0.994294
DO312_M_19_Liver_GT19_33455	54740856	202	43104074	4401729	942195	0.034933	0.831647	0.994756
DO068_F_17_Liver_GT19-33473_ACATGGAT-GGTTAGCC	54515283	202	47085297	3793577	305218	0.020061	0.866043	0.993366
DO484_F_23_Liver_GT19_33306	42273182	202	37238867	2644398	357407	0.034073	0.8547	0.995518
DO149_F_18_Liver_GT19_33394	46156509	202	39897423	3018606	271702	0.041784	0.817796	0.993985
DO113_M_17_Liver_GT19-33480_ACATATGT-GATCGCAG	64611952	202	54564022	4687313	692979	0.014652	0.884914	0.993824
DO192_M_18_Liver_GT19-33512_TAGATCGG-TTAATCAA	49548349	202	41179695	3728284	551084	0.033427	0.853567	0.994086
DO261_F_19_Liver_GT19-33686_ATTCGTGT-GTTCGTCA	62100537	202	52853862	3774702	540746	0.043953	0.825688	0.994523
DO036_F_17_Liver_GT19-33662_ATTATTCG-GGACTGGC	42679272	202	37138078	2986721	217689	0.025935	0.856941	0.993249
DO120_M_17_Liver_GT19-33742_ATCCGTTC-AACCTTGC	61043450	202	46651782	4776644	1646397	0.045462	0.814699	0.993733
DO171_M_18_Liver_GT19-33527_GAATGTAA-CTGGCACT	38954598	202	31680797	3176563	666268	0.014976	0.881019	0.99333
DO328_F_21_Liver_GT19_33566	44297074	202	37512439	2963124	450275	0.041809	0.811708	0.993614
DO500_F_23_Liver_GT19-33491_AGCCACAG-AGGAACCA	60049701	202	52372533	4040896	473391	0.015493	0.883319	0.995107
DO243_F_19_Liver_GT19_33386	55047928	202	48063430	3457001	343276	0.033195	0.839157	0.993912
DO325_F_21_Liver_GT19-33717_ATGCTAGA-AACTACTT	41644345	202	36724610	2552264	247477	0.047574	0.833235	0.994763
DO304_M_19_Liver_GT19_33404	36971740	202	29699963	2655121	554634	0.04299	0.828429	0.994757
DO177_M_18_Liver_GT19_33356	51704110	202	43567989	3697448	781943	0.026488	0.867593	0.995605
DO131_F_18_Liver_GT19_33434	39462908	202	33498568	2723246	267772	0.040074	0.837638	0.99449
DO375_M_21_Liver_GT19_33753	65885150	202	54062716	4762033	834205	0.025294	0.865236	0.993756
DO512_M_23_Liver_GT19-33539_AGTTCCGT-GGCCGCGT	44673130	202	35510295	3355274	867073	0.020417	0.868109	0.994747
DO084_M_17_Liver_GT19_33374	41937157	202	33585305	3481308	616461	0.051396	0.808754	0.993432
DO284_M_19_Liver_GT19-33671_ATTGATTC-GGAACATT	58713170	202	45601664	4647521	1156777	0.024689	0.870752	0.994828
DO098_M_17_Liver_GT19_33588	45224311	202	38153818	2874215	569843	0.032487	0.805702	0.994417
DO511_M_23_Liver_GT19_33346	52279385	202	43991606	3523868	885721	0.009342	0.898603	0.996074
DO055_F_17_Liver_GT19_33579	48902109	202	40273277	3669976	670712	0.036091	0.831029	0.99373
DO506_F_23_Liver_GT19-33536_ATCGTGGA-GGCCGTTG	43759253	202	37086975	2983616	287384	0.023462	0.855654	0.994015
DO377_M_21_Liver_GT19_33292	38370668	202	31517516	2699108	617667	0.027132	0.853715	0.995128
DO071_M_17_Liver_GT19_33309	49748706	202	38913941	3691381	1177831	0.02334	0.863229	0.995006
DO122_F_18_Liver_GT19-33504_GACGTAAG-GCCAAGCC	46326929	202	40502740	3211293	353758	0.015457	0.881488	0.994454
DO302_M_19_Liver_GT19-33524_TCTCCGTG-TGAATCGT	36895269	202	28421329	3073204	913018	0.017496	0.866857	0.993967
DO518_M_23_Liver_GT19_33452	36912622	202	29472798	2648072	679829	0.036879	0.841863	0.994585
DO525_M_23_Liver_GT19-33485_ACAAGAGT-GCCTTCAA	55125599	202	43736416	4092858	1002288	0.016915	0.876206	0.994002
DO548_M_23_Liver_GT19_33387	50223272	202	42036656	3719297	447687	0.03091	0.849596	0.993894
DO072_M_17_Liver_GT19_33616	34699047	202	28874926	2311070	547731	0.046353	0.828278	0.995203
DO163_F_18_Liver_GT19_33591	48606464	202	42590765	3337058	387601	0.039722	0.837906	0.994503
DO321_F_21_Liver_GT19_33316	45735016	202	40016047	2786084	257310	0.050248	0.834792	0.995049
DO061_F_17_Liver_GT19-33508_TTGTTCTT-CTACAAGT	53885195	202	46949460	3645019	327640	0.037068	0.844576	0.993624
DO150_F_18_Liver_GT19_33281	46138038	202	41579883	2640026	324980	0.012575	0.890902	0.996184
DO363_F_21_Liver_GT19-33737_ATCGCATT-AACGGTGT	69096024	202	59593776	5249427	508561	0.028735	0.858203	0.994575
DO125_F_18_Liver_GT19_33608	49578010	202	42892509	3511677	290124	0.04431	0.826313	0.994095
DO357_F_21_Liver_GT19-33674_ATTGTGTT-CAATCTTC	55984356	202	47536225	3157044	463650	0.041394	0.820998	0.994615
DO180_M_18_Liver_GT19-33544_AGTTGGCT-GGCACTCC	40247413	202	32723608	2728852	559098	0.022358	0.869392	0.995486
DO379_M_21_Liver_GT19-33550_AGTACTGC-GGTCTTAG	28570264	202	21720566	2173953	555057	0.050056	0.812803	0.99347
DO559_M_23_Liver_GT19-33739_ATACTATT-AATATAAC	39435371	202	32841970	2651845	514504	0.038459	0.824472	0.995013
DO035_F_17_Liver_GT19-33694_ATGACACC-GTTAAGTT	55438844	202	48650904	3380332	449344	0.032944	0.853152	0.994382
DO194_M_18_Liver_GT19-33509_TACTCCTG-GCGTGTCC	45056826	202	37932056	3012024	454087	0.072403	0.780354	0.993953
DO209_M_18_Liver_GT19_33284	37626466	202	31905754	2448923	535965	0.018204	0.88318	0.99621
DO283_M_19_Liver_GT19-33483_AAGCAGAC-GCTAAGAA	48614359	202	39847616	3759027	622018	0.017389	0.873936	0.993579
DO250_F_19_Liver_GT19-33498_AGCTTATG-GCCTGTAG	44922016	202	38117222	3025340	340044	0.042822	0.825732	0.993588
DO505_F_23_Liver_GT19-33468_ACATCGGA-GAAGTTGA	50642454	202	43299159	3793095	287177	0.025085	0.861943	0.993025
DO215_M_18_Liver_GT19-33635_ACTTGTAC-AAGCATGG	56304757	202	46064638	4017706	810793	0.03868	0.83889	0.994842
DO174_M_18_Liver_GT19_33561	46788742	202	38020547	3858732	664221	0.026198	0.854953	0.994459
DO157_F_18_Liver_GT19_33322	35093733	202	31790285	2055500	194470	0.023589	0.877379	0.995583
DO414_M_21_Liver_GT19-33632_TGTTAACA-TTCAGTGA	49353437	202	39286090	3885368	812681	0.038737	0.833095	0.993689
DO409_M_21_Liver_GT19_33602	40658213	202	33747546	2780742	533861	0.04994	0.809409	0.994108
DO554_M_23_Liver_GT19_33575	55388264	202	45043338	4420454	901828	0.01361	0.87408	0.994341
DO193_M_18_Liver_GT19_33432	51761102	202	41512826	3621522	806284	0.046314	0.827778	0.994505
DO138_F_18_Liver_GT19-33554_ATATAAGG-GGTCATGT	44318978	202	38446822	3105229	264462	0.032766	0.852012	0.993907
DO108_M_17_Liver_GT19_33377	48565037	202	40054545	3630506	548375	0.028516	0.858585	0.994851
DO323_F_21_Liver_GT19-33695_ATGACGTT-AATCTAGT	67526005	202	58113822	4635807	496214	0.019277	0.878509	0.994576
DO234_F_19_Liver_GT19_33428	39328595	202	31932822	2868836	724374	0.030721	0.851921	0.994741
DO485_F_23_Liver_GT19_33327	66486735	202	59299082	4268525	535845	0.009765	0.892007	0.994995
DO350_F_21_Liver_GT19_33425	37432133	202	31391453	2911411	361164	0.035811	0.835696	0.994191
DO078_M_17_Liver_GT19_33449	44413297	202	35356085	3544480	754364	0.022024	0.869151	0.994347
DO269_F_19_Liver_GT19_33345	58299286	202	52618599	3407954	348041	0.006159	0.914127	0.996159
DO242_F_19_Liver_GT19_33454	37359974	202	32177579	2383893	304870	0.030348	0.845085	0.994052
DO070_F_17_Liver_GT19_33364	50292582	202	44461055	2906745	360387	0.019225	0.880054	0.995991
DO291_M_19_Liver_GT19-33481_GTTGGTAG-TGGAACAT	46827938	202	35944121	3915091	974539	0.009984	0.891155	0.994477
DO223_F_19_Liver_GT19-33670_ATTGAAGT-CAGGTGAA	51783395	202	44048897	3401659	497398	0.046043	0.816525	0.994541
DO056_F_17_Liver_GT19_33429	36340495	202	31214055	2368927	264725	0.092423	0.768629	0.994347
DO024_F_17_Liver_GT19_33323	40039648	202	34603941	2465881	312416	0.065082	0.791832	0.995662
DO338_F_21_Liver_GT19_33587	57995811	202	50096079	4260076	405793	0.028609	0.845138	0.993791
DO086_M_17_Liver_GT19_33317	51731102	202	43291161	3243818	755343	0.036934	0.852284	0.995785
DO025_F_17_Liver_GT19_33370	41209704	202	35226151	2886374	278601	0.04628	0.834249	0.99368
DO052_F_17_Liver_GT19_33405	35164391	202	29336337	2415861	358811	0.049236	0.812179	0.994224
DO361_F_21_Liver_GT19-33647_ACACACCT-GGCAACTG	48681956	202	42465418	3633298	274356	0.009295	0.885252	0.993511
DO185_M_18_Liver_GT19_33576	46498353	202	36265335	3785621	964111	0.03424	0.835484	0.994331
DO333_F_21_Liver_GT19_33450	39608830	202	33815544	2807600	230547	0.0567	0.799301	0.994182
DO491_F_23_Liver_GT19_33422	41315221	202	35559950	2581478	311536	0.046855	0.81618	0.994712
DO066_F_17_Liver_GT19-33490_TATGGTTC-CACCGGTA	44808016	202	38635381	3218558	208034	0.063013	0.802323	0.993332
DO552_M_23_Liver_GT19-33664_ATTATCGC-GGAGCTAG	43322188	202	37037367	2856551	509217	0.023223	0.867133	0.994559
DO039_F_17_Liver_GT19-33715_ATACAACC-ACCGTGTG	45477440	202	39224839	2911599	402538	0.037877	0.835659	0.994275
DO160_F_18_Liver_GT19_33358	38635768	202	33598806	2516884	353606	0.039526	0.832597	0.992845
DO249_F_19_Liver_GT19_33457	66151812	202	56383762	4655396	488383	0.019119	0.878448	0.994882
DO407_M_21_Liver_GT19_33286	44516174	202	37962672	2799218	632109	0.013962	0.881222	0.996555
DO245_F_19_Liver_GT19-33506_TAAGATTA-CGCAGGCT	39859969	202	33180240	2818928	341820	0.021217	0.866596	0.994344
DO246_F_19_Liver_GT19_33451	28889036	202	25135053	1884945	200760	0.023203	0.863422	0.994593
DO299_M_19_Liver_GT19_33406	41191421	202	33925660	3059285	587906	0.044518	0.82075	0.994003
DO153_F_18_Liver_GT19_33563	53821284	202	46423586	3747970	465627	0.043175	0.808048	0.993926
DO391_M_21_Liver_GT19_33752	72347773	202	57091602	5750975	1434164	0.024287	0.844844	0.994253
DO495_F_23_Liver_GT19_33388	51544239	202	43861302	3457921	421864	0.036779	0.830508	0.994389
DO488_F_23_Liver_GT19-33730_ATCTAGCG-TGTCGGAT	60020704	202	51464194	3968722	423498	0.054583	0.810022	0.995372
DO124_F_18_Liver_GT19_33613	44534313	202	38451324	3000719	319260	0.045965	0.812702	0.994416
DO227_F_19_Liver_GT19-33720_ATCATACT-TTGACTTA	57440943	202	49306913	3827961	475590	0.041762	0.82352	0.994377
DO331_F_21_Liver_GT19_33410	43708797	202	36894297	3280402	360289	0.027892	0.853839	0.9936
DO296_M_19_Liver_GT19-33484_ACAAGGTG-CTTAACCA	55544707	202	47277706	3689209	548593	0.015845	0.891066	0.994517
DO132_F_18_Liver_GT19_33380	38228082	202	33473978	2353793	236897	0.015384	0.881	0.994236
DO060_F_17_Liver_GT19_33381	51717651	202	45424429	2995049	303791	0.070444	0.77142	0.994496
DO374_M_21_Liver_GT19-33740_GATGATAC-GGCGCGTG	54902827	202	44661983	3460977	715617	0.03756	0.843059	0.994236
DO497_F_23_Liver_GT19_33396	44423432	202	39056149	2428830	243520	0.043122	0.832267	0.994895
DO247_F_19_Liver_GT19_33628	60472973	202	53110060	4098083	302651	0.01861	0.87994	0.993752
DO255_F_19_Liver_GT19_33350	54331521	202	48587855	3303997	345287	0.017713	0.883746	0.993826
DO483_F_23_Liver_GT19_33378	31202964	202	26284323	2157364	294023	0.021485	0.860827	0.994356
DO316_M_19_Liver_GT19-33469_ACATCTAG-CGCTACCG	44730098	202	35511788	3207622	763416	0.014186	0.885475	0.99349
DO317_M_19_Liver_GT19_33399	39227898	202	30046949	3097231	797770	0.028817	0.85221	0.994105
DO471_F_23_Liver_GT19-33706_TAACACTG-GACGTGCA	47579821	202	39906892	3217571	484972	0.042842	0.813821	0.994889
DO063_F_17_Liver_GT19-33645_ACACTAAC-ACAGTGAA	33247525	202	29124325	2174498	164156	0.030194	0.851742	0.994437
DO480_F_23_Liver_GT19_33334	44239580	202	39924875	2777130	240160	0.010816	0.897753	0.993663
DO528_M_23_Liver_GT19-33558_ATAGCGGT-GGTTGATT	49606699	202	41244194	3109238	507147	0.022874	0.877673	0.993958
DO109_M_17_Liver_GT19-33548_ATCGTTAG-TGCGAAGT	41331879	202	35436898	2709786	307507	0.060786	0.795083	0.994216
DO201_M_18_Liver_GT19-33668_TAGAGCTC-GGATCCGA	52365838	202	43786183	3437914	522860	0.044149	0.826686	0.994346
DO504_F_23_Liver_GT19_33276	44543462	202	39629199	2789971	363131	0.017735	0.877746	0.99563
DO229_F_19_Liver_GT19_33443	39409609	202	34204422	2601631	216759	0.02994	0.85448	0.994429
DO406_M_21_Liver_GT19-33680_TATAAGAC-CTTACATG	47987119	202	39269823	3374580	702579	0.04705	0.808549	0.99452
DO298_M_19_Liver_GT19_33288	37385808	202	30650735	2619136	600706	0.005123	0.90003	0.99622
DO196_M_18_Liver_GT19-33719_GATTGACC-AACTTAAT	58117461	202	47975959	4476433	742625	0.019358	0.878208	0.994428
DO079_M_17_Liver_GT19-33470_GTGAGTGT-CGCCTCTT	58090114	202	46418269	4079249	898741	0.01356	0.88086	0.993547
DO318_M_19_Liver_GT19-33741_GCGGTATT-TTGTTACC	49402405	202	38000170	3603719	1053371	0.027691	0.851162	0.994727
DO170_F_18_Liver_GT19-33663_TAATAATC-CAGAGCGA	45006853	202	38804960	3088088	286926	0.07678	0.775419	0.993972
DO083_M_17_Liver_GT19_33572	47309880	202	39789584	3341618	403216	0.045187	0.817001	0.993593
DO080_M_17_Liver_GT19_33427	36658738	202	29891400	2687323	517935	0.038561	0.831673	0.994663
DO400_M_21_Liver_GT19_33596	46143661	202	37591125	2944633	822128	0.033248	0.847581	0.995104
DO173_M_18_Liver_GT19_33578	54577337	202	43506055	4564461	749511	0.040358	0.832322	0.993095
DO382_M_21_Liver_GT19_33389	48780012	202	36306473	4219076	1263718	0.0328	0.830493	0.993675
DO516_M_23_Liver_GT19-33678_TAATTGAC-CAACTATA	50474679	202	41461070	3698084	665977	0.037394	0.839006	0.994487
DO213_M_18_Liver_GT19-33729_GCTAGTCT-AACGAAGA	61169890	202	51494268	4124601	597605	0.052117	0.800902	0.993293
DO206_M_18_Liver_GT19-33494_TGCGCTTC-GCCGACAC	51549342	202	40493391	4001002	809406	0.050661	0.81981	0.994042
DO158_F_18_Liver_GT19_33611	41946630	202	35242852	3112335	319368	0.060943	0.783101	0.993072
DO290_M_19_Liver_GT19_33564	43957755	202	35531387	3322341	610253	0.020009	0.869869	0.991788
DO558_M_23_Liver_GT19-33521_TCATTCGG-CGACGGTT	34749608	202	27657178	2557093	562256	0.017067	0.867074	0.994087
DO210_M_18_Liver_GT19-33529_GAACAATT-CTTGGATT	34855762	202	27944851	2572480	546874	0.022568	0.861548	0.994128
DO415_M_21_Liver_GT19_33581	41329701	202	31972017	3383364	936934	0.033575	0.829413	0.993652
DO542_M_23_Liver_GT19_33320	42203306	202	36838001	2683870	413256	0.013522	0.890045	0.995458
DO264_F_19_Liver_GT19-33528_AGTCAATT-GCACGGTC	42951128	202	36835960	2879659	307229	0.016358	0.875292	0.994415
DO345_F_21_Liver_GT19-33525_TAATAGGA-CTAACCAG	36746034	202	31689461	2329309	299641	0.036212	0.824679	0.99387
DO526_M_23_Liver_GT19-33749_AGAACCAA-ATAATTGT	77523190	202	64087070	5663479	1003433	0.043478	0.836367	0.994316
DO386_M_21_Liver_GT19_33272	37518530	202	31339765	2607316	529103	0.009735	0.879393	0.994792
DO546_M_23_Liver_GT19_33603	40661664	202	30960522	3424512	885430	0.033234	0.840227	0.994045
DO470_F_23_Liver_GT19_33383	61805777	202	53133734	4250911	571381	0.024165	0.86051	0.994565
DO182_M_18_Liver_GT19-33690_ATGAGCAC-GTTAGTTC	58585403	202	50664508	3396309	394524	0.046841	0.83275	0.995042
DO043_F_17_Liver_GT19-33534_AGTGTACT-GCATACTT	40189433	202	34758460	2539660	187135	0.033558	0.856238	0.993789
DO385_M_21_Liver_GT19_33415	42608890	202	34362915	3248614	769374	0.009873	0.879954	0.995068
DO115_M_17_Liver_GT19-33660_TCGTTATA-GGTATGCA	43893472	202	34660797	3594909	1057323	0.031205	0.847425	0.994434
DO560_M_23_Liver_GT19-33677_ATTCACGG-GTGTAGGC	56077741	202	48509743	3668860	476331	0.054538	0.805525	0.993628
DO262_F_19_Liver_GT19-33718_ATGCTGTC-TTGAGGAA	49739290	202	43163913	2942289	419038	0.054213	0.817033	0.995115
DO142_F_18_Liver_GT19-33623_TGCGCGCT-CAGTTGCG	49155112	202	42698659	3709179	310743	0.025308	0.864958	0.994576
DO169_F_18_Liver_GT19-33543_TACAACTA-CCGGTCTG	38792030	202	32912535	2710132	333289	0.008928	0.876519	0.993658
DO048_F_17_Liver_GT19-33465_GTTATTAT-CGCTAAGC	55061883	202	47034530	3774903	355588	0.038556	0.838286	0.993722
DO515_M_23_Liver_GT19-33487_ATAACAGA-AATGGAAG	60389738	202	48309409	4866352	1127534	0.010097	0.886443	0.993797
DO394_M_21_Liver_GT19_33313	42317722	202	36818466	2621154	432882	0.013031	0.896982	0.99657
DO359_F_21_Liver_GT19_33462	50627201	202	43137707	3156306	381150	0.040902	0.813424	0.994045
DO395_M_21_Liver_GT19-33503_AGCAGAGA-GCCATAAT	44036400	202	36440402	3402306	527382	0.017882	0.862189	0.994036
DO195_M_18_Liver_GT19-33479_ACATTCTC-ACAACTCT	52431574	202	39512304	4544571	1142631	0.013343	0.871552	0.993296
DO521_M_23_Liver_GT19-33707_ATGTCTGG-CGGCGACA	44324910	202	33906466	3316323	1072155	0.057384	0.792926	0.994374
DO148_F_18_Liver_GT19_33426	34810835	202	30214231	2166827	219879	0.043016	0.826164	0.994231
DO147_F_18_Liver_GT19_33751	62518698	202	52703474	4319200	715983	0.038855	0.836614	0.993967
DO021_F_17_Liver_GT19_33373	41041474	202	35383920	2657725	263572	0.032268	0.849765	0.993772
DO494_F_23_Liver_GT19-33683_ATTCTCTA-CACTATCT	46999895	202	40610800	2819030	270402	0.054537	0.805198	0.993768
DO265_F_19_Liver_GT19_33329	34778354	202	31078901	2156845	306130	0.011129	0.895138	0.996083
DO044_F_17_Liver_GT19-33746_AGAAGACG-AACCGCAC	71036339	202	60914620	5078027	584626	0.044703	0.837304	0.993281
DO040_F_17_Liver_GT19-33657_ATACTGCG-CACATTGT	42741203	202	37541870	2831622	252910	0.036152	0.835295	0.993943
DO252_F_19_Liver_GT19-33522_AGTCCGAC-GCTTCACA	34464108	202	29831187	2235138	281015	0.027323	0.857015	0.994357
DO208_M_18_Liver_GT19-33627_ACTCTACG-CCAGCTGA	46253437	202	34376290	3867360	940991	0.049353	0.806671	0.99378
DO089_M_17_Liver_GT19-33495_TCTACGCC-CGGCGTAC	52496120	202	43213584	4149310	693060	0.027383	0.86877	0.99455
DO535_M_23_Liver_GT19_33302	53041655	202	47052599	3017175	453361	0.026952	0.87235	0.995968
DO107_M_17_Liver_GT19_33589	50842769	202	40774395	4007775	826611	0.055747	0.804351	0.993904
DO121	52998336	202	46493259	3615135	304732	0.021596	0.853347	0.994199
DO310_M_19_Liver_GT19-33681_ATTCTTAC-GTGTATAG	48613883	202	38238230	3886940	956619	0.035577	0.824643	0.994601
DO266_F_19_Liver_GT19-33496_TATCACAA-GCCTCATT	41198129	202	35668577	2726254	314853	0.01716	0.881852	0.994751
DO211_M_18_Liver_GT19_33459	58708996	202	46739307	4678006	761811	0.036409	0.832974	0.9932
DO092_M_17_Liver_GT19_33375	43863503	202	34487642	3752971	895288	0.026336	0.853421	0.994174
